wind000.json
{"header": {"parameterUnit":"m.s-1","parameterNumber":3,"parameterCategory":2,"parameterNumberName":"V-component_of_wind","dx":1,"dy":1,"la1":90,"la2":-90,"lo1":0,"lo2":359,"nx":360,"ny":181,"refTime":"2018-08-05T08:00:00.000Z\n"}, "data":
[rows 145 to 173 of 181, columns 65 to 129 of 360]
3.82701,3.86701,4.18701,4.40701,5.37701,6.72701,6.48701,10.007,2.02701,-10.633,-11.503,-11.703,-14.633,-17.843,-19.683,-19.533,-18.773,-17.613,-16.543,-15.623,-15.133,-12.903,-13.673,-12.723,-11.363,-9.83299,-7.89299,-6.20299,-4.73299,-3.21299,-1.62299,-0.342991,1.10701,2.35701,3.28701,3.59701,3.61701,3.45701,3.29701,3.43701,5.42701,5.81701,5.61701,4.50701,2.65701,0.747009,-1.79299,-6.01299,-11.523,-14.113,-13.413,-11.713,-9.34299,-6.80299,-4.28299,-1.51299,2.00701,4.44701,7.81701,9.34701,9.32701,6.41701,5.42701,6.08701,6.41701
3.21701,2.97701,3.14701,3.24701,3.79701,4.73701,6.03701,4.13701,10.337,-4.76299,-11.383,-13.973,-16.433,-18.603,-19.423,-19.573,-18.683,-17.313,-17.183,-17.153,-16.033,-14.763,-13.333,-11.903,-10.313,-8.79299,-7.34299,-5.84299,-4.36299,-2.93299,-1.68299,-0.302991,1.17701,2.38701,3.37701,3.90701,3.75701,4.09701,4.86701,6.20701,6.31701,5.68701,4.75701,3.29701,0.867009,-1.61299,-4.65299,-8.94299,-13.583,-14.573,-13.533,-11.673,-9.41299,-8.34299,-6.61299,-3.56299,-0.352991,2.64701,5.69701,7.28701,9.12701,8.34701,5.27701,5.22701,5.98701
4.39701,3.06701,1.96701,1.84701,1.63701,1.73701,2.06701,3.54701,-0.182991,7.28701,-7.79299,-14.413,-16.983,-18.533,-19.463,-19.513,-18.863,-17.373,-16.463,-15.493,-15.523,-14.293,-13.863,-12.433,-10.743,-9.26299,-7.75299,-6.17299,-4.55299,-3.01299,-1.59299,-0.412991,0.897009,2.17701,3.23701,4.03701,4.74701,5.63701,7.16701,7.75701,7.08701,6.50701,4.92701,1.74701,-2.31299,-5.81299,-9.39299,-13.213,-15.053,-14.273,-12.653,-11.103,-9.98299,-8.60299,-7.18299,-5.12299,-2.53299,0.307009,2.62701,4.72701,7.04701,8.08701,8.43701,6.09701,5.04701
4.25701,2.89701,1.16701,-0.652991,-1.33299,-1.83299,-1.80299,-2.74299,-1.50299,-3.29299,1.65701,-6.85299,-15.483,-16.973,-17.713,-17.713,-16.773,-15.963,-15.273,-15.173,-16.183,-15.023,-14.113,-12.933,-11.473,-9.83299,-7.88299,-6.36299,-4.63299,-3.21299,-1.80299,-0.322991,1.22701,2.90701,4.12701,5.30701,6.48701,7.68701,8.92701,10.027,9.98701,8.44701,5.68701,-1.26299,-7.22299,-11.023,-13.803,-14.763,-14.073,-12.573,-10.933,-9.95299,-8.95299,-7.85299,-6.52299,-5.10299,-3.28299,-1.18299,0.807009,2.37701,3.99701,5.71701,6.82701,7.42701,7.36701
5.05701,2.72701,1.01701,-0.832991,-3.24299,-4.06299,-5.25299,-5.38299,-5.73299,-5.20299,-6.45299,-2.10299,-6.95299,-15.663,-17.023,-17.673,-17.233,-16.673,-16.143,-15.463,-14.473,-13.413,-14.023,-12.423,-10.963,-9.40299,-7.68299,-6.50299,-4.94299,-3.54299,-1.89299,-0.202991,1.79701,3.63701,5.06701,6.66701,8.10701,9.40701,10.667,12.457,10.047,6.81701,1.03701,-5.49299,-9.63299,-11.713,-12.423,-12.393,-11.803,-10.743,-9.74299,-8.61299,-7.66299,-6.57299,-5.26299,-3.83299,-2.32299,-0.982991,0.287009,1.28701,2.09701,2.82701,3.73701,4.78701,6.05701
5.12701,2.65701,0.327009,-1.71299,-4.01299,-6.22299,-6.94299,-7.76299,-7.71299,-8.17299,-7.72299,-8.14299,-4.06299,-7.29299,-15.913,-16.563,-16.763,-16.613,-16.233,-15.033,-14.283,-12.463,-12.193,-12.283,-10.903,-9.10299,-6.94299,-6.30299,-4.72299,-2.94299,-1.46299,0.427009,2.52701,4.30701,5.73701,7.39701,8.64701,9.68701,11.667,8.69701,3.06701,0.0670093,-2.70299,-5.26299,-7.31299,-8.15299,-9.07299,-9.84299,-9.68299,-8.98299,-8.13299,-7.33299,-6.24299,-5.06299,-3.73299,-2.11299,-0.602991,0.717009,1.59701,2.00701,2.24701,2.30701,2.53701,3.06701,3.50701
6.49701,4.91701,2.84701,-0.722991,-5.04299,-9.35299,-10.093,-9.06299,-9.76299,-9.89299,-9.35299,-8.53299,-8.02299,-4.29299,-9.54299,-15.473,-16.563,-16.483,-16.223,-16.053,-15.463,-13.483,-11.613,-10.063,-9.25299,-7.59299,-6.47299,-5.21299,-4.11299,-2.26299,-0.842991,0.937009,2.35701,3.57701,4.41701,4.99701,7.87701,9.11701,7.00701,-1.17299,-2.35299,-4.51299,-4.49299,-4.53299,-4.70299,-5.13299,-6.41299,-7.58299,-7.23299,-6.68299,-6.10299,-5.06299,-3.51299,-1.71299,0.297009,1.85701,2.57701,2.78701,3.09701,3.50701,3.82701,3.92701,3.82701,3.60701,3.14701
8.28701,7.84701,7.34701,5.97701,1.71701,-6.42299,-12.913,-13.153,-11.873,-10.603,-10.053,-8.61299,-7.46299,-5.29299,-7.04299,-13.583,-14.903,-15.743,-15.813,-15.573,-15.653,-14.803,-12.603,-9.94299,-8.38299,-7.10299,-4.75299,-3.72299,-2.58299,-1.06299,0.737009,2.84701,4.13701,5.55701,6.96701,6.66701,5.88701,2.12701,-3.79299,-4.20299,-4.85299,-3.61299,-3.89299,-4.14299,-4.39299,-4.81299,-5.07299,-5.55299,-4.33299,-2.82299,-1.99299,-0.652991,-0.152991,0.0870093,0.787009,1.67701,2.15701,2.96701,3.96701,4.68701,4.97701,5.24701,5.05701,5.26701,5.47701
9.44701,8.04701,7.59701,7.28701,5.99701,2.41701,-4.64299,-9.22299,-10.263,-9.35299,-8.18299,-7.14299,-6.05299,-3.92299,-8.38299,-13.353,-13.993,-14.273,-14.163,-13.903,-13.543,-11.963,-9.78299,-7.75299,-6.23299,-4.79299,-3.21299,-1.27299,0.817009,2.41701,3.80701,4.92701,5.94701,6.55701,5.85701,3.17701,0.647009,-0.442991,-0.632991,-0.542991,-0.132991,-0.222991,-0.582991,-0.962991,-0.982991,-0.642991,-0.232991,0.0170093,0.277009,0.547009,0.447009,0.317009,0.787009,1.17701,1.35701,1.86701,2.46701,2.78701,3.66701,4.52701,5.99701,6.82701,6.51701,7.16701,7.55701
10.537,9.18701,8.38701,6.53701,4.61701,3.20701,1.35701,-1.02299,-2.88299,-3.64299,-4.52299,-4.80299,-3.94299,-4.90299,-11.423,-12.863,-12.953,-12.813,-12.553,-11.663,-9.67299,-8.16299,-6.94299,-5.40299,-3.41299,-1.68299,-0.542991,0.327009,1.10701,1.83701,2.30701,2.81701,3.11701,3.09701,3.20701,3.46701,3.49701,3.76701,4.15701,4.01701,3.54701,3.17701,2.69701,2.02701,1.55701,1.38701,1.58701,1.96701,2.42701,2.76701,2.92701,3.04701,3.00701,2.55701,2.50701,2.92701,3.14701,3.22701,3.29701,3.63701,4.07701,4.55701,4.83701,5.46701,5.35701
11.767,11.607,9.93701,7.66701,6.20701,4.70701,2.85701,1.08701,-0.902991,-2.85299,-3.63299,-4.41299,-6.78299,-9.81299,-10.673,-11.073,-11.103,-10.283,-8.36299,-6.45299,-5.54299,-4.68299,-3.77299,-2.72299,-2.18299,-1.69299,-0.832991,-0.142991,-0.00299072,0.0770093,0.0470093,0.367009,0.637009,0.737009,0.167009,0.577009,2.52701,3.03701,4.25701,4.66701,4.87701,4.60701,3.81701,2.63701,1.14701,-0.0829907,-0.342991,0.867009,2.92701,3.90701,3.41701,3.14701,2.78701,2.29701,2.30701,2.18701,2.21701,2.16701,2.16701,2.85701,3.30701,3.31701,3.71701,4.05701,3.71701
11.937,12.237,11.877,10.837,8.35701,6.20701,5.66701,4.85701,4.06701,3.61701,2.04701,-0.312991,-2.23299,-3.54299,-4.21299,-4.51299,-4.64299,-4.43299,-4.42299,-4.24299,-4.17299,-3.83299,-3.53299,-3.30299,-3.14299,-2.61299,-1.60299,-0.912991,-0.952991,-0.882991,-0.322991,0.237009,0.467009,-0.452991,-0.362991,-1.80299,-4.08299,1.09701,3.35701,0.397009,0.947009,2.71701,5.35701,7.22701,5.92701,-0.262991,-1.46299,0.877009,1.34701,5.95701,9.01701,5.70701,3.68701,2.30701,1.97701,2.26701,3.02701,3.09701,1.61701,1.81701,2.28701,2.64701,2.64701,2.18701,2.72701
10.387,11.997,12.957,13.117,11.987,9.98701,6.74701,3.60701,3.06701,2.52701,0.987009,-0.272991,-1.40299,-2.64299,-3.90299,-4.99299,-5.44299,-5.25299,-5.33299,-4.60299,-4.42299,-5.70299,-5.08299,-4.45299,-4.46299,-2.60299,-0.792991,0.257009,2.29701,4.11701,5.63701,7.84701,9.34701,10.747,7.90701,4.54701,6.68701,4.59701,4.92701,7.80701,9.89701,10.737,12.787,13.497,10.727,10.597,11.127,6.72701,5.00701,6.08701,5.19701,4.98701,5.93701,4.56701,1.33701,1.22701,1.92701,2.68701,4.65701,8.95701,11.707,11.497,9.73701,6.56701,4.47701
18.647,18.837,18.167,17.357,16.017,12.377,7.96701,6.41701,3.10701,-1.79299,-4.32299,-4.69299,-5.24299,-6.29299,-6.27299,-4.58299,-3.26299,-2.56299,-2.02299,-3.00299,-3.42299,-2.18299,-2.15299,-1.64299,0.247009,0.947009,1.09701,2.15701,3.49701,3.90701,4.25701,6.48701,10.197,10.897,9.84701,7.69701,5.64701,6.17701,7.55701,9.10701,10.487,11.677,12.857,13.717,15.067,16.317,17.177,17.177,16.567,15.747,14.517,12.997,12.957,12.567,11.437,10.357,9.29701,8.56701,8.05701,8.12701,9.65701,10.677,10.587,10.767,10.617
13.167,13.277,12.977,13.587,13.477,11.147,8.67701,6.81701,6.37701,5.99701,4.21701,1.64701,-1.72299,-2.56299,-2.31299,-3.52299,-3.74299,-3.34299,-3.02299,-2.48299,-2.55299,-3.02299,-2.05299,-0.932991,-0.252991,0.357009,0.837009,1.50701,2.64701,4.06701,5.33701,6.52701,7.25701,7.53701,8.77701,8.23701,6.85701,6.51701,6.50701,7.00701,7.96701,9.89701,11.057,11.447,12.047,12.957,13.957,14.957,15.277,15.167,14.797,14.307,13.827,13.087,12.047,10.727,9.31701,8.32701,7.77701,7.62701,7.96701,8.72701,9.18701,9.33701,8.98701
10.227,9.36701,5.75701,5.37701,8.96701,8.14701,6.44701,2.70701,0.0670093,0.957009,1.33701,0.537009,-0.532991,-1.10299,-1.16299,-1.26299,-1.68299,-1.98299,-1.97299,-1.84299,-1.65299,-1.50299,-1.36299,-1.19299,-0.912991,-0.582991,-0.222991,0.817009,2.04701,3.02701,3.97701,4.49701,5.09701,6.30701,7.25701,7.67701,8.01701,8.01701,7.97701,8.57701,9.53701,10.727,11.857,12.337,13.027,13.347,13.097,13.137,13.487,13.317,12.597,12.247,12.157,11.767,11.087,10.387,9.59701,8.67701,7.75701,7.19701,6.88701,7.00701,7.49701,7.58701,7.07701
9.75701,9.40701,9.29701,9.69701,8.61701,5.04701,1.07701,-2.81299,-4.76299,-5.03299,-4.65299,-3.85299,-2.98299,-2.56299,-2.53299,-2.50299,-2.26299,-1.94299,-1.68299,-1.44299,-1.21299,-1.08299,-0.942991,-0.792991,-0.732991,-0.662991,-0.282991,0.0970093,0.827009,2.03701,3.23701,4.19701,4.99701,5.75701,6.77701,7.46701,7.63701,7.73701,7.77701,7.77701,7.99701,8.35701,8.55701,8.99701,9.61701,9.81701,9.90701,10.207,10.577,11.047,11.387,11.377,11.137,10.717,10.037,9.39701,8.70701,8.12701,7.62701,7.35701,7.37701,7.53701,8.00701,8.48701,8.35701
8.02701,8.20701,8.47701,7.57701,3.95701,-0.312991,-1.81299,-2.32299,-2.94299,-3.83299,-4.21299,-3.79299,-3.39299,-3.26299,-3.16299,-3.01299,-2.86299,-2.76299,-2.71299,-2.82299,-2.86299,-2.67299,-2.26299,-1.84299,-1.32299,-0.702991,0.107009,1.04701,1.77701,2.26701,2.99701,3.92701,4.57701,5.14701,5.75701,6.25701,6.65701,6.90701,6.95701,6.92701,6.80701,6.85701,7.03701,7.12701,6.97701,7.39701,8.08701,8.72701,9.25701,9.31701,8.92701,8.61701,8.76701,8.79701,8.50701,8.31701,8.19701,7.95701,7.65701,7.42701,7.36701,7.24701,6.95701,6.88701,7.19701
8.64701,10.167,4.56701,-0.132991,2.70701,2.01701,-1.02299,-2.18299,-3.84299,-4.83299,-4.82299,-4.30299,-3.59299,-3.58299,-3.76299,-3.87299,-3.96299,-3.75299,-3.52299,-3.47299,-3.41299,-3.22299,-2.85299,-2.25299,-1.58299,-0.982991,-0.442991,0.237009,0.977009,1.70701,2.41701,3.22701,3.97701,4.64701,5.25701,5.78701,6.17701,6.47701,6.67701,6.80701,6.82701,6.78701,6.86701,6.98701,7.38701,7.79701,7.88701,7.85701,7.86701,7.99701,8.29701,8.65701,8.85701,8.77701,8.67701,8.48701,8.09701,7.68701,7.33701,6.95701,6.72701,6.65701,6.58701,6.57701,6.86701
9.85701,9.40701,7.37701,4.30701,0.817009,-0.882991,-1.59299,-2.55299,-3.56299,-4.36299,-5.16299,-5.61299,-5.17299,-4.74299,-4.64299,-4.74299,-4.97299,-4.96299,-4.35299,-3.73299,-3.34299,-3.06299,-2.85299,-2.65299,-2.47299,-2.30299,-2.02299,-1.58299,-0.792991,0.227009,1.27701,2.30701,3.19701,3.96701,4.65701,5.29701,5.88701,6.29701,6.56701,6.71701,6.88701,7.11701,7.19701,7.13701,7.06701,7.05701,7.16701,7.16701,7.03701,6.91701,6.79701,6.67701,6.65701,6.70701,6.70701,6.63701,6.60701,6.61701,6.64701,6.67701,6.73701,6.75701,6.61701,6.52701,6.64701
8.16701,7.38701,5.78701,4.38701,3.59701,2.63701,1.30701,0.0470093,-1.43299,-3.57299,-5.29299,-5.70299,-5.67299,-5.55299,-5.38299,-5.36299,-5.15299,-4.96299,-4.95299,-4.71299,-4.36299,-4.15299,-3.98299,-3.89299,-3.79299,-3.65299,-3.38299,-2.85299,-2.07299,-1.07299,0.157009,1.45701,2.53701,3.36701,4.04701,4.64701,5.19701,5.69701,6.07701,6.44701,6.80701,7.13701,7.25701,7.32701,7.38701,7.39701,7.40701,7.44701,7.41701,7.25701,7.08701,6.90701,6.71701,6.57701,6.52701,6.54701,6.64701,6.88701,7.09701,7.17701,7.10701,6.92701,6.81701,6.83701,6.77701
5.22701,5.42701,5.28701,4.60701,3.40701,2.16701,1.29701,0.767009,0.0970093,-1.05299,-2.63299,-4.35299,-5.69299,-6.15299,-5.94299,-5.79299,-5.69299,-5.44299,-5.35299,-5.29299,-5.18299,-4.98299,-4.80299,-4.70299,-4.57299,-4.32299,-3.95299,-3.48299,-2.93299,-2.11299,-0.982991,0.217009,1.25701,2.13701,2.90701,3.51701,4.01701,4.63701,5.35701,5.83701,6.07701,6.25701,6.52701,6.77701,6.91701,7.08701,7.24701,7.41701,7.60701,7.70701,7.73701,7.75701,7.67701,7.49701,7.19701,6.84701,6.52701,6.23701,6.00701,5.85701,5.86701,6.02701,6.06701,6.16701,6.36701
3.10701,3.33701,3.53701,3.65701,3.71701,3.62701,3.04701,1.97701,0.847009,-0.0929907,-1.02299,-1.85299,-2.37299,-2.84299,-3.50299,-4.31299,-4.91299,-5.13299,-5.12299,-5.02299,-4.90299,-4.85299,-4.86299,-4.90299,-4.84299,-4.60299,-4.32299,-3.93299,-3.38299,-2.64299,-1.77299,-0.832991,0.0570093,0.877009,1.63701,2.36701,2.94701,3.22701,3.27701,3.45701,3.97701,4.62701,5.11701,5.42701,5.69701,6.00701,6.21701,6.36701,6.53701,6.73701,6.90701,6.92701,6.83701,6.77701,6.79701,6.69701,6.56701,6.43701,6.29701,6.16701,6.06701,6.09701,6.31701,6.35701,6.21701
1.13701,1.31701,1.29701,1.27701,1.33701,1.51701,1.79701,1.99701,1.86701,1.39701,0.987009,0.767009,0.287009,-0.542991,-1.44299,-2.23299,-2.88299,-3.41299,-3.84299,-4.20299,-4.52299,-4.70299,-4.69299,-4.64299,-4.54299,-4.39299,-4.16299,-3.93299,-3.59299,-2.99299,-2.28299,-1.57299,-0.892991,-0.272991,0.287009,0.777009,1.29701,1.86701,2.34701,2.61701,2.77701,3.03701,3.39701,3.71701,3.96701,4.24701,4.55701,4.83701,5.01701,5.19701,5.39701,5.62701,5.88701,6.10701,6.23701,6.26701,6.29701,6.32701,6.31701,6.27701,6.31701,6.52701,6.79701,6.95701,7.02701
-3.74299,-3.64299,-3.52299,-3.31299,-2.99299,-2.76299,-2.70299,-2.68299,-2.49299,-2.18299,-1.90299,-1.61299,-1.15299,-0.742991,-0.742991,-1.24299,-1.92299,-2.40299,-2.74299,-3.04299,-3.32299,-3.54299,-3.70299,-3.82299,-3.92299,-3.92299,-3.81299,-3.65299,-3.47299,-3.21299,-2.83299,-2.42299,-1.96299,-1.41299,-0.852991,-0.382991,0.0470093,0.477009,0.897009,1.22701,1.45701,1.61701,1.75701,1.97701,2.29701,2.66701,3.04701,3.35701,3.55701,3.73701,3.97701,4.25701,4.51701,4.74701,4.93701,5.05701,5.11701,5.17701,5.29701,5.48701,5.71701,5.99701,6.37701,6.57701,6.59701
-5.45299,-5.39299,-5.36299,-5.38299,-5.41299,-5.39299,-5.29299,-5.11299,-4.93299,-4.78299,-4.66299,-4.54299,-4.42299,-4.27299,-4.08299,-3.89299,-3.68299,-3.48299,-3.31299,-3.24299,-3.27299,-3.35299,-3.43299,-3.47299,-3.48299,-3.46299,-3.37299,-3.20299,-2.96299,-2.75299,-2.58299,-2.39299,-2.11299,-1.74299,-1.34299,-0.932991,-0.522991,-0.0629907,0.457009,0.887009,1.12701,1.20701,1.24701,1.29701,1.33701,1.42701,1.63701,1.93701,2.24701,2.52701,2.87701,3.27701,3.65701,3.96701,4.19701,4.36701,4.55701,4.82701,5.10701,5.31701,5.52701,5.84701,6.30701,6.93701,7.37701
-6.50299,-6.47299,-6.45299,-6.43299,-6.39299,-6.33299,-6.30299,-6.29299,-6.32299,-6.37299,-6.33299,-6.10299,-5.70299,-5.19299,-4.73299,-4.38299,-4.08299,-3.75299,-3.38299,-3.04299,-2.78299,-2.64299,-2.64299,-2.72299,-2.84299,-2.93299,-2.95299,-2.91299,-2.80299,-2.65299,-2.52299,-2.43299,-2.38299,-2.36299,-2.38299,-2.37299,-2.29299,-2.04299,-1.59299,-1.00299,-0.402991,0.0570093,0.427009,0.707009,0.937009,1.06701,1.12701,1.16701,1.24701,1.43701,1.75701,2.13701,2.58701,3.00701,3.28701,3.46701,3.64701,3.89701,4.16701,4.30701,4.25701,4.11701,4.01701,4.07701,4.36701
-7.70299,-7.66299,-7.63299,-7.64299,-7.66299,-7.74299,-7.83299,-7.84299,-7.66299,-7.32299,-6.85299,-6.36299,-5.88299,-5.44299,-5.02299,-4.60299,-4.20299,-3.82299,-3.46299,-3.10299,-2.75299,-2.40299,-2.08299,-1.83299,-1.68299,-1.64299,-1.74299,-1.92299,-2.10299,-2.23299,-2.29299,-2.25299,-2.15299,-2.01299,-1.84299,-1.64299,-1.44299,-1.30299,-1.28299,-1.31299,-1.31299,-1.14299,-0.832991,-0.452991,-0.102991,0.147009,0.267009,0.257009,0.217009,0.177009,0.237009,0.447009,0.797009,1.25701,1.77701,2.29701,2.78701,3.35701,4.00701,4.67701,5.23701,5.62701,5.81701,5.93701,6.06701
-8.55299,-8.33299,-8.09299,-7.88299,-7.66299,-7.45299,-7.21299,-6.92299,-6.58299,-6.19299,-5.78299,-5.36299,-4.95299,-4.56299,-4.20299,-3.87299,-3.57299,-3.29299,-3.04299,-2.79299,-2.53299,-2.27299,-2.03299,-1.85299,-1.72299,-1.65299,-1.62299,-1.62299,-1.63299,-1.65299,-1.64299,-1.60299,-1.49299,-1.35299,-1.17299,-0.982991,-0.802991,-0.652991,-0.572991,-0.572991,-0.652991,-0.772991,-0.872991,-0.852991,-0.622991,-0.122991,0.607009,1.43701,2.18701,2.67701,2.91701,2.92701,2.83701,2.74701,2.68701,2.63701,2.60701,2.60701,2.67701,2.85701,3.11701,3.49701,3.97701,4.61701,5.37701
