wind000.json
{"header": {"parameterUnit":"m.s-1","parameterNumber":2,"parameterCategory":2,"parameterNumberName":"U-component_of_wind","dx":1,"dy":1,"la1":90,"la2":-90,"lo1":0,"lo2":359,"nx":360,"ny":181,"refTime":"2018-08-05T08:00:00.000Z\n"}, "data":
[rows 112 to 139 of 181, columns 248 to 309 of 360]
-5.17157,-5.04157,-5.02157,-4.83157,-4.98157,-5.38157,-5.46157,-5.82157,-6.35157,-6.51157,-6.39157,-6.65157,-6.77157,-7.23157,-7.42157,-7.47157,-7.38157,-7.15157,-7.34157,-6.81157,-6.41157,-6.22157,-6.26157,-6.43157,-6.53157,-6.57157,-6.71157,-6.69157,-6.65157,-6.67157,-6.41157,-6.31157,-6.36157,-6.35157,-5.52157,-4.64157,-3.98157,-3.15157,-2.46157,-1.92157,-1.72157,-1.20157,-1.38157,-0.571572,1.33843,1.13843,-0.891572,1.06843,0.768428,0.328428,1.44843,2.23843,0.698428,0.828428,1.20843,1.86843,1.09843,0.348428,1.11843,0.678428,-0.171572,-0.821572
-4.27157,-4.16157,-4.06157,-3.94157,-3.81157,-4.76157,-4.47157,-4.28157,-5.02157,-5.34157,-5.47157,-5.62157,-5.79157,-6.33157,-6.46157,-6.48157,-6.43157,-6.34157,-6.10157,-5.52157,-5.18157,-5.18157,-5.23157,-5.55157,-5.97157,-6.13157,-6.27157,-5.95157,-5.54157,-5.51157,-5.54157,-5.52157,-5.65157,-5.59157,-4.93157,-4.20157,-3.40157,-2.91157,-2.68157,-1.90157,-1.18157,-0.381572,-1.61157,0.288428,0.0684277,1.69843,-1.02157,1.90843,1.31843,0.288428,0.758428,-0.131572,-0.0215723,0.398428,0.898428,1.44843,0.678428,0.778428,0.828428,0.928428,0.458428,0.618428
-2.31157,-2.69157,-2.47157,-3.34157,-3.18157,-3.87157,-3.19157,-2.65157,-3.28157,-4.04157,-4.22157,-4.33157,-4.24157,-4.94157,-5.21157,-5.21157,-5.17157,-5.10157,-4.76157,-4.77157,-4.48157,-4.39157,-4.28157,-4.55157,-5.11157,-5.55157,-5.27157,-5.03157,-4.86157,-4.86157,-4.76157,-4.94157,-4.88157,-4.91157,-4.25157,-3.47157,-2.48157,-2.19157,-1.87157,-1.84157,-0.691572,1.72843,-1.10157,0.498428,-0.831572,2.22843,0.218428,1.27843,1.83843,-0.361572,-0.971572,-0.861572,-1.04157,-0.111572,0.258428,0.408428,0.0584277,0.338428,1.30843,0.118428,0.408428,0.788428
0.0184277,-0.591572,-0.171572,-2.58157,-3.36157,-3.19157,-4.06157,-3.06157,-1.42157,-1.90157,-2.52157,-2.42157,-2.22157,-3.50157,-3.87157,-4.26157,-3.47157,-3.58157,-3.88157,-3.81157,-3.62157,-3.40157,-3.35157,-3.66157,-3.99157,-4.48157,-4.60157,-4.25157,-4.27157,-4.29157,-4.26157,-4.28157,-4.10157,-3.95157,-3.58157,-2.75157,-1.92157,-1.31157,-0.771572,-0.521572,0.348428,3.37843,-2.67157,-2.84157,2.42843,0.368428,1.01843,1.31843,-0.591572,-1.24157,-0.931572,-1.15157,-1.02157,-0.621572,-0.181572,-0.541572,-0.781572,-0.111572,-0.221572,0.168428,0.408428,0.238428
2.23843,1.87843,1.22843,0.648428,-0.301572,-1.29157,-2.54157,-3.00157,-2.90157,-2.87157,-2.88157,-1.10157,-0.841572,-0.911572,-1.44157,-1.74157,-1.80157,-1.30157,-1.78157,-2.25157,-2.10157,-1.90157,-2.29157,-2.56157,-2.83157,-3.12157,-3.40157,-3.48157,-3.61157,-3.48157,-3.48157,-3.49157,-3.63157,-3.27157,-2.68157,-2.17157,-1.73157,-0.751572,0.198428,0.648428,1.45843,2.28843,0.988428,-2.66157,2.14843,2.64843,-0.301572,0.268428,-0.241572,-1.31157,-1.41157,-1.42157,-1.19157,-0.951572,-0.831572,-0.961572,-0.381572,-0.471572,-0.911572,-0.261572,0.278428,1.03843
3.91843,3.87843,3.57843,3.22843,2.21843,2.29843,1.77843,1.47843,0.548428,0.0284277,0.258428,1.43843,1.64843,1.62843,1.59843,0.428428,0.318428,0.348428,1.05843,0.628428,-0.421572,-0.501572,-0.761572,-0.981572,-1.28157,-1.59157,-1.90157,-2.22157,-2.53157,-2.48157,-2.36157,-2.48157,-2.71157,-2.45157,-1.75157,-1.41157,-1.21157,-0.201572,0.668428,1.23843,1.78843,2.65843,-1.58157,-3.64157,3.17843,2.43843,2.69843,-0.981572,-2.22157,-2.03157,-1.61157,-1.75157,-1.27157,-1.06157,-1.78157,-1.04157,-0.871572,-0.481572,-0.281572,-0.391572,-0.301572,1.56843
4.50843,5.23843,5.67843,5.48843,5.41843,4.72843,3.83843,3.84843,3.73843,3.76843,3.44843,3.53843,3.69843,2.65843,2.96843,1.53843,1.98843,2.34843,3.02843,2.91843,2.16843,1.23843,1.54843,1.22843,0.928428,0.478428,0.108428,-0.201572,-0.591572,-0.841572,-0.871572,-0.801572,-0.901572,-1.05157,-0.561572,-0.341572,-0.491572,0.618428,0.998428,1.36843,1.53843,0.828428,-1.93157,0.968428,3.29843,0.208428,0.708428,-0.761572,-2.94157,-2.77157,-2.78157,-1.95157,-0.971572,-1.36157,-0.791572,-0.621572,-0.201572,0.198428,0.448428,0.318428,0.558428,1.88843
6.41843,6.03843,6.29843,6.88843,6.62843,6.34843,6.30843,5.79843,5.79843,5.36843,5.29843,5.21843,4.71843,4.95843,4.71843,4.74843,4.34843,4.06843,3.93843,4.43843,4.15843,3.93843,3.33843,3.49843,3.26843,3.07843,2.71843,2.35843,2.10843,1.81843,1.54843,1.41843,1.28843,1.19843,0.918428,0.638428,0.498428,1.07843,1.13843,1.63843,1.17843,0.0184277,-0.601572,4.68843,-1.45157,0.648428,-0.821572,-3.05157,-4.51157,-3.04157,-2.76157,-2.13157,-1.52157,-1.33157,-0.991572,-0.401572,-0.161572,0.0184277,0.948428,0.548428,0.718428,1.86843
6.56843,7.40843,7.44843,6.88843,6.72843,6.72843,7.28843,7.52843,6.57843,6.58843,6.60843,6.59843,6.00843,5.83843,5.83843,5.62843,5.29843,4.92843,4.43843,4.52843,5.19843,5.70843,4.95843,5.17843,5.32843,5.01843,4.78843,4.49843,4.23843,4.10843,3.87843,3.62843,3.32843,3.11843,2.84843,2.20843,1.66843,1.23843,1.26843,1.41843,2.19843,-0.0715723,-0.101572,1.46843,-0.931572,-0.761572,-5.47157,-5.12157,-0.831572,-1.72157,-2.35157,-1.82157,-1.57157,-1.00157,-0.751572,-0.0915723,0.908428,1.54843,1.94843,2.30843,2.85843,4.19843
5.61843,6.30843,7.48843,8.87843,8.21843,7.37843,7.59843,8.02843,7.98843,7.52843,7.71843,7.58843,7.07843,6.95843,6.56843,5.77843,5.29843,5.79843,5.96843,5.78843,5.72843,6.03843,6.46843,6.61843,6.75843,6.91843,6.50843,6.08843,5.83843,5.66843,5.49843,5.19843,4.82843,4.42843,4.07843,3.63843,2.79843,1.83843,1.10843,0.848428,0.428428,-3.61157,5.79843,2.93843,-2.16157,0.278428,-0.641572,-2.55157,0.848428,-1.45157,-2.01157,-1.27157,-1.27157,-1.11157,-0.361572,0.158428,1.47843,2.28843,2.99843,3.17843,3.44843,9.05843
4.26843,3.20843,3.96843,5.96843,7.89843,9.71843,9.39843,8.73843,8.62843,8.59843,9.00843,8.86843,8.01843,7.57843,6.93843,7.05843,6.51843,6.22843,6.72843,6.87843,6.48843,6.67843,7.25843,7.51843,7.95843,8.17843,8.08843,8.00843,7.65843,7.29843,6.97843,6.78843,6.45843,5.71843,4.83843,4.39843,3.85843,2.77843,1.25843,0.898428,0.198428,-1.93157,7.34843,2.39843,-0.841572,-4.62157,-2.37157,-0.0715723,-1.30157,-0.841572,-1.09157,-0.631572,-0.141572,-0.291572,0.698428,1.55843,2.94843,3.04843,3.26843,4.45843,8.15843,10.6484
5.71843,5.90843,5.77843,5.33843,4.88843,6.00843,8.54843,10.1484,9.43843,9.37843,9.77843,9.86843,9.37843,8.73843,8.03843,7.76843,7.89843,7.76843,7.55843,7.49843,7.54843,7.90843,8.26843,8.58843,8.41843,8.20843,8.25843,8.91843,8.79843,8.24843,8.08843,7.89843,8.09843,7.43843,6.47843,5.24843,4.72843,3.82843,1.89843,1.53843,1.31843,-0.181572,1.72843,0.968428,-3.35157,-5.85157,1.36843,1.95843,0.0884277,-0.831572,-0.711572,0.0384277,-0.00157227,1.10843,1.58843,2.30843,2.68843,2.85843,3.66843,4.23843,8.78843,9.10843
4.69843,4.97843,5.71843,6.62843,6.85843,6.10843,5.55843,4.96843,6.74843,9.29843,9.77843,10.2984,10.3184,9.54843,8.76843,8.88843,8.88843,8.79843,8.92843,8.73843,8.70843,8.86843,8.91843,8.91843,8.98843,8.97843,8.99843,9.18843,8.87843,9.37843,9.05843,9.00843,9.03843,8.16843,7.42843,6.47843,5.57843,4.44843,2.99843,1.71843,0.168428,-0.951572,1.14843,-0.201572,0.248428,0.0784277,1.57843,0.918428,-0.771572,-0.861572,-0.391572,0.318428,0.728428,0.858428,1.87843,2.76843,3.15843,3.51843,3.37843,8.57843,8.35843,9.40843
3.97843,3.25843,3.30843,3.70843,4.52843,5.56843,6.76843,7.07843,6.09843,3.25843,3.13843,8.73843,9.76843,9.61843,9.65843,10.1084,9.90843,9.36843,9.34843,10.1584,9.96843,9.61843,9.66843,9.71843,9.55843,9.55843,9.52843,9.33843,9.33843,9.32843,9.56843,9.61843,9.35843,8.79843,7.57843,6.76843,5.84843,4.92843,3.91843,1.64843,-0.371572,-1.93157,6.87843,1.67843,1.42843,2.23843,2.71843,-0.761572,-1.29157,-0.611572,-0.0415723,0.618428,1.23843,1.97843,2.15843,5.26843,5.35843,5.75843,7.34843,8.21843,7.98843,2.40843
6.08843,6.05843,5.64843,5.26843,4.64843,4.67843,5.00843,5.92843,7.12843,7.01843,7.23843,6.68843,3.97843,1.83843,1.59843,2.67843,4.97843,7.73843,10.1984,10.5184,10.4084,10.5584,10.5384,10.5884,10.8284,10.7584,10.2984,9.80843,9.52843,9.24843,9.09843,9.57843,10.1184,9.20843,9.06843,8.07843,7.08843,5.56843,3.93843,0.128428,1.01843,-0.271572,5.46843,1.55843,0.968428,2.63843,0.348428,-0.231572,0.128428,0.128428,0.198428,1.17843,1.66843,2.02843,2.30843,5.15843,4.54843,4.04843,6.09843,7.28843,4.41843,-2.33157
6.57843,6.60843,6.92843,6.96843,6.79843,7.14843,7.36843,7.26843,6.94843,6.59843,7.15843,7.07843,6.88843,6.24843,5.63843,5.72843,5.91843,5.25843,5.85843,7.03843,8.01843,9.08843,10.6084,11.1184,11.1684,10.8984,10.5784,10.3684,10.1984,10.1384,9.86843,9.84843,10.3784,10.4784,10.4284,10.0384,8.77843,7.25843,4.22843,0.468428,-1.45157,4.94843,5.14843,0.598428,0.938428,-0.341572,-0.831572,1.42843,1.10843,0.778428,0.858428,0.798428,1.74843,2.25843,2.39843,1.90843,4.19843,3.61843,5.36843,5.54843,1.50843,-2.72157
7.87843,8.27843,8.48843,8.59843,8.64843,8.58843,8.72843,8.90843,8.64843,6.71843,6.16843,6.33843,6.67843,7.59843,7.34843,6.45843,5.96843,5.85843,6.20843,5.18843,4.06843,4.39843,4.31843,4.08843,4.27843,4.56843,4.04843,3.82843,4.03843,5.19843,6.46843,7.92843,9.01843,9.90843,10.7984,10.8984,10.3684,8.82843,5.03843,0.738428,-0.641572,6.83843,2.64843,0.308428,1.26843,-0.00157227,1.31843,2.37843,2.45843,1.92843,1.83843,3.16843,2.61843,1.94843,1.07843,3.13843,2.61843,3.04843,3.82843,1.37843,-5.90157,-7.74157
8.34843,8.86843,9.07843,9.22843,9.45843,8.86843,8.46843,8.27843,7.32843,6.99843,7.05843,6.31843,5.67843,5.61843,5.86843,5.94843,6.58843,6.78843,6.26843,6.32843,6.54843,6.36843,6.10843,5.98843,5.89843,6.11843,6.87843,7.62843,8.05843,8.12843,8.19843,8.12843,7.68843,7.46843,7.82843,8.50843,9.42843,9.98843,7.41843,0.718428,0.538428,5.37843,-0.591572,2.90843,2.48843,3.11843,3.00843,2.96843,2.33843,3.16843,4.65843,2.91843,4.53843,3.65843,2.75843,2.10843,2.31843,2.42843,2.55843,-0.281572,-6.03157,-7.86157
8.05843,8.67843,9.53843,9.70843,9.75843,9.75843,9.53843,8.35843,7.71843,6.63843,6.94843,7.49843,6.39843,5.64843,4.93843,5.47843,6.89843,8.06843,7.78843,7.49843,6.50843,5.80843,6.14843,6.28843,5.61843,5.46843,6.15843,7.03843,7.58843,7.63843,7.71843,8.04843,7.88843,7.90843,8.16843,8.49843,8.86843,9.50843,8.93843,1.96843,0.778428,11.2784,-1.33157,1.73843,4.73843,4.11843,5.46843,4.46843,5.64843,3.53843,4.60843,5.62843,4.05843,2.48843,1.36843,1.26843,1.99843,2.19843,2.66843,1.64843,-3.06157,-5.40157
8.78843,9.65843,10.3084,10.5684,10.3784,10.3584,10.6484,10.2784,9.75843,8.45843,8.15843,6.98843,7.02843,7.37843,6.28843,5.43843,2.35843,-0.131572,3.51843,6.67843,4.56843,1.85843,1.81843,2.95843,4.68843,6.31843,6.74843,7.03843,7.88843,8.74843,8.74843,8.29843,7.85843,7.82843,8.18843,8.08843,8.49843,9.50843,8.44843,1.25843,1.05843,4.12843,4.81843,3.37843,3.84843,3.45843,5.31843,7.23843,5.85843,3.58843,4.37843,3.89843,3.24843,1.78843,0.448428,0.818428,1.86843,2.32843,3.64843,1.92843,-1.73157,-2.92157
10.0684,10.6784,10.7984,11.1384,11.6284,11.1284,10.8184,11.0484,10.8384,10.2584,9.27843,8.13843,7.44843,7.02843,5.99843,6.22843,5.74843,5.46843,4.70843,4.43843,4.11843,3.09843,3.83843,4.96843,6.17843,7.37843,8.20843,8.61843,9.07843,9.69843,10.4984,10.0984,9.71843,9.07843,8.93843,9.02843,8.67843,8.91843,5.90843,-0.00157227,1.58843,2.66843,1.71843,3.90843,5.82843,5.80843,6.05843,6.27843,3.83843,4.64843,3.58843,3.20843,2.37843,1.78843,0.998428,1.13843,1.95843,2.97843,5.03843,3.63843,-1.03157,-1.48157
11.6684,12.2384,12.0284,12.1584,12.7584,12.6684,11.7684,11.6884,11.1184,10.8484,10.2784,9.62843,7.87843,7.55843,6.47843,6.25843,6.32843,5.06843,4.16843,4.34843,4.13843,4.23843,5.27843,6.21843,6.73843,8.01843,8.97843,9.81843,10.1184,10.5584,11.0084,11.1984,10.4184,9.94843,9.80843,9.10843,8.62843,8.78843,3.20843,-2.01157,1.54843,0.948428,0.178428,1.17843,2.58843,1.47843,2.82843,3.95843,5.04843,4.17843,2.72843,2.49843,2.61843,2.57843,2.37843,3.04843,3.50843,4.70843,6.81843,5.45843,1.70843,0.428428
12.7884,13.7084,13.7084,13.4884,13.6484,13.8684,13.1084,12.2084,12.1084,11.6784,10.8084,9.55843,8.51843,7.75843,7.22843,6.81843,5.99843,5.42843,5.53843,5.94843,6.14843,6.37843,6.98843,7.12843,7.82843,8.77843,9.51843,9.93843,10.1684,10.5984,10.6984,10.6184,10.4484,9.78843,8.65843,9.26843,8.59843,6.90843,3.83843,0.218428,0.928428,-0.431572,0.368428,1.01843,1.66843,3.83843,3.19843,4.12843,4.51843,4.70843,4.10843,3.05843,3.25843,3.41843,4.06843,4.78843,5.14843,5.89843,6.89843,4.61843,2.96843,0.708428
13.4584,14.0784,14.4984,14.5884,14.6184,14.9384,14.7284,13.8584,12.8284,12.0184,11.2984,10.4484,9.65843,8.17843,7.47843,7.24843,6.58843,6.38843,6.71843,7.33843,7.63843,7.79843,7.81843,8.27843,8.82843,9.60843,10.3684,10.3784,10.1084,9.44843,9.37843,9.75843,10.0684,9.23843,8.79843,8.25843,8.18843,5.19843,1.28843,1.13843,1.02843,0.818428,0.638428,1.40843,2.87843,4.43843,5.04843,4.40843,3.57843,4.65843,5.37843,5.25843,4.05843,3.59843,4.59843,5.68843,6.50843,6.24843,7.16843,5.64843,5.64843,2.69843
14.3384,14.5684,14.7184,15.0384,15.2084,15.5584,15.6684,14.8784,13.6084,12.0984,11.2184,10.7784,9.90843,9.33843,8.05843,7.36843,6.89843,7.15843,7.58843,8.32843,8.67843,8.86843,9.33843,9.79843,10.4184,11.1384,11.9684,12.2084,11.2884,10.3584,9.46843,8.74843,7.87843,8.25843,8.02843,7.81843,7.17843,2.63843,-0.631572,1.67843,-0.331572,0.268428,1.22843,-0.151572,-3.16157,-6.66157,-5.16157,-3.48157,-2.07157,1.01843,5.30843,5.89843,5.51843,4.77843,4.64843,6.10843,5.89843,5.74843,8.08843,8.33843,6.88843,4.38843
14.4884,14.9684,15.1984,15.3684,14.7084,14.2184,14.3184,14.5784,13.6284,12.3184,10.9084,9.87843,9.20843,9.75843,9.28843,8.28843,7.85843,7.65843,8.12843,8.88843,9.00843,9.52843,10.2484,11.1184,11.8884,12.2684,13.2584,13.1284,12.1784,11.1884,10.3784,8.84843,8.57843,7.59843,6.60843,7.20843,6.79843,2.74843,-4.05157,-2.97157,-1.41157,-0.981572,-3.70157,-2.20157,-3.42157,-2.95157,-3.92157,-2.81157,-1.85157,-0.931572,0.168428,3.52843,5.30843,4.71843,4.36843,5.38843,5.13843,5.42843,7.82843,8.56843,7.85843,7.69843
14.1184,14.6084,14.9884,15.1784,15.5384,15.6084,14.9184,13.6484,13.1784,12.2984,10.7184,9.67843,8.71843,8.64843,8.86843,8.74843,8.63843,8.43843,8.59843,8.98843,8.85843,9.63843,10.6484,11.4384,12.7084,13.1884,12.8384,11.9684,10.8184,9.68843,7.87843,8.00843,7.34843,2.27843,0.308428,1.19843,-6.39157,-4.59157,-2.04157,-1.08157,-2.24157,-2.53157,-3.13157,-2.40157,-1.28157,-1.58157,-0.811572,-1.63157,-1.53157,-0.431572,0.998428,2.10843,4.47843,5.71843,5.40843,5.37843,6.36843,6.52843,6.50843,6.65843,7.05843,7.47843
13.5684,14.1884,14.8884,15.3384,15.4584,15.1184,14.2784,13.0784,11.8384,11.5484,10.5284,9.07843,8.25843,7.94843,7.57843,7.81843,7.80843,7.27843,7.54843,8.42843,7.56843,9.27843,11.6184,11.3484,8.79843,4.89843,3.11843,4.94843,6.81843,6.26843,6.02843,-0.981572,-10.3316,-8.97157,-7.89157,-7.48157,-5.60157,-3.46157,-1.80157,-1.46157,-2.53157,-2.90157,-3.18157,-2.10157,0.0884277,1.65843,1.47843,1.15843,0.778428,0.858428,1.12843,2.42843,3.81843,5.52843,7.32843,7.43843,6.93843,7.13843,6.87843,7.05843,7.07843,6.54843
