wind000.json
{"header": {"parameterUnit":"m.s-1","parameterNumber":2,"parameterCategory":2,"parameterNumberName":"U-component_of_wind","dx":1,"dy":1,"la1":90,"la2":-90,"lo1":0,"lo2":359,"nx":360,"ny":181,"refTime":"2018-08-06T08:00:00.000Z\n"}, "data":
[rows 140 to 167 of 181, columns 62 to 123 of 360]
9.84586,9.47586,9.06586,7.74586,9.01586,9.31586,9.69586,9.98586,10.7759,10.4559,9.30586,7.90586,8.04586,7.60586,6.84586,6.95586,5.97586,4.58586,3.17586,2.19586,0.375862,-2.27414,-2.75414,-3.54414,-3.80414,-3.11414,-2.07414,-0.504138,1.84586,3.56586,6.93586,8.17586,5.97586,-5.56414,-4.99414,-4.75414,-4.05414,-4.21414,-4.03414,-3.50414,-3.15414,-3.12414,-3.12414,-3.19414,-3.29414,-3.42414,-3.63414,-3.74414,-3.62414,-3.63414,-3.71414,-3.82414,-3.76414,-3.97414,-3.90414,-2.71414,4.58586,8.39586,2.64586,-0.274138,-1.49414,-0.454138
8.16586,7.74586,6.51586,7.83586,8.24586,8.00586,8.27586,8.44586,8.60586,8.03586,9.16586,8.92586,8.02586,7.12586,6.56586,6.33586,6.84586,6.29586,5.07586,3.28586,2.46586,1.77586,0.565862,-0.304138,-2.18414,-2.06414,-1.60414,-1.28414,0.705862,4.58586,5.83586,6.16586,-6.71414,-5.19414,-4.82414,-4.08414,-3.70414,-3.09414,-1.87414,-0.414138,0.865862,1.64586,2.15586,2.40586,2.43586,2.42586,2.19586,1.50586,0.985862,0.785862,0.145862,-0.784138,-1.69414,-2.36414,-3.40414,-4.29414,-4.18414,0.0558618,2.28586,-1.14414,-1.82414,-1.26414
8.24586,7.50586,8.43586,7.09586,7.76586,8.45586,8.06586,7.23586,6.96586,7.32586,8.04586,8.42586,8.39586,7.54586,6.71586,6.43586,5.94586,5.05586,5.06586,4.10586,2.49586,1.76586,1.49586,0.275862,-0.734138,-1.18414,-0.354138,0.935862,2.55586,4.41586,4.70586,-2.49414,-6.13414,-4.65414,-4.05414,-3.26414,-2.62414,-1.24414,0.975862,2.50586,3.78586,4.83586,5.61586,6.23586,6.67586,7.21586,7.32586,6.91586,6.27586,5.45586,4.55586,3.39586,1.99586,0.495862,-1.18414,-2.38414,-3.78414,-3.83414,-1.12414,0.455862,-0.894138,-2.37414
8.98586,8.81586,7.95586,6.56586,8.87586,8.36586,8.62586,8.27586,7.44586,6.99586,6.71586,6.35586,5.26586,6.42586,5.99586,4.65586,5.02586,5.17586,4.59586,4.17586,3.50586,2.18586,2.85586,2.12586,1.14586,0.845862,1.92586,2.80586,3.58586,3.18586,3.94586,-6.32414,-4.43414,-3.79414,-2.24414,-1.46414,-1.10414,0.605862,2.18586,4.10586,5.31586,6.05586,7.01586,7.84586,8.48586,8.99586,9.12586,9.35586,9.03586,8.37586,7.42586,6.01586,4.94586,3.58586,1.99586,0.825862,0.0358618,-1.52414,-1.34414,2.00586,-1.19414,-2.59414
7.34586,9.58586,8.79586,8.10586,9.66586,9.52586,9.26586,8.88586,8.48586,7.94586,7.21586,6.41586,5.82586,6.16586,6.01586,4.93586,4.15586,4.22586,4.12586,4.03586,3.73586,2.68586,2.27586,2.22586,2.03586,1.25586,1.85586,2.30586,2.91586,3.87586,-2.14414,-4.95414,-3.48414,-2.13414,-0.794138,-0.624138,0.0858618,1.85586,3.38586,3.59586,4.18586,5.51586,6.66586,7.46586,8.09586,8.73586,9.13586,9.46586,9.29586,9.02586,8.33586,7.34586,6.38586,5.32586,4.38586,3.48586,2.01586,0.765862,0.895862,2.88586,-1.12414,-2.59414
10.3459,10.4059,10.6959,10.3959,10.1559,10.1259,9.26586,9.25586,9.06586,8.68586,8.12586,7.31586,6.19586,4.93586,4.51586,3.95586,3.38586,3.33586,3.10586,2.90586,3.16586,3.36586,2.87586,2.80586,1.87586,2.32586,1.94586,3.38586,3.06586,1.86586,-5.50414,-3.79414,-2.49414,-1.49414,-0.304138,-0.294138,0.625862,1.09586,1.44586,2.28586,3.64586,4.24586,4.92586,6.15586,6.86586,7.65586,8.15586,8.78586,9.15586,9.00586,8.75586,7.64586,6.37586,5.51586,4.69586,3.84586,3.30586,2.00586,0.405862,1.10586,-4.30414,-3.67414
11.3659,11.5359,11.4759,11.6759,10.9259,10.6159,10.3259,10.0559,9.57586,9.22586,8.69586,7.89586,6.74586,5.68586,5.08586,4.59586,4.26586,3.62586,2.92586,2.07586,1.45586,2.29586,3.04586,2.77586,2.60586,2.58586,3.11586,2.49586,3.13586,-3.62414,-5.05414,-3.37414,-2.52414,-1.53414,-1.68414,-1.54414,-0.974138,-0.264138,0.175862,0.675862,1.19586,2.12586,2.91586,3.56586,3.76586,3.85586,4.18586,5.14586,6.12586,6.53586,6.64586,5.66586,4.57586,3.61586,2.90586,1.91586,0.705862,-1.07414,-1.69414,-2.48414,-5.46414,-4.12414
12.0859,12.2959,11.9459,11.7859,11.5559,11.8759,11.4759,11.1159,10.5559,9.70586,9.22586,8.61586,7.97586,6.78586,6.18586,5.92586,5.49586,4.94586,3.98586,3.38586,3.35586,3.21586,3.12586,2.86586,1.58586,2.66586,2.37586,2.53586,-2.33414,-5.52414,-4.45414,-3.94414,-3.58414,-3.48414,-3.18414,-2.46414,-1.80414,-1.61414,-1.66414,-1.12414,-0.664138,-0.574138,-0.324138,-0.0641382,-0.484138,-0.924138,0.0758618,1.18586,1.31586,1.16586,0.845862,0.265862,0.515862,0.0458618,-0.154138,-1.11414,-2.35414,-2.38414,-3.38414,-3.57414,-5.41414,-3.97414
12.2259,12.0959,12.0959,12.3959,12.6059,12.6859,12.2659,11.6059,10.9259,8.31586,9.34586,6.64586,5.60586,4.99586,4.43586,4.05586,3.52586,2.44586,2.07586,1.53586,1.85586,2.44586,2.72586,2.74586,0.985862,-0.0541382,1.11586,-2.08414,-5.67414,-4.99414,-5.24414,-4.89414,-5.29414,-4.40414,-3.56414,-3.44414,-3.44414,-3.47414,-2.68414,-1.95414,-2.31414,-2.94414,-3.08414,-3.65414,-4.65414,-5.60414,-4.71414,-6.18414,-8.57414,-9.04414,-7.59414,-5.83414,-4.55414,-3.91414,-3.81414,-3.09414,-3.09414,-3.20414,-2.49414,-5.03414,-5.55414,-3.89414
12.5359,13.1159,13.2359,13.1959,12.3159,12.0159,11.8959,10.3959,9.22586,7.89586,7.56586,6.31586,6.13586,4.34586,4.11586,3.72586,3.67586,2.75586,2.02586,1.85586,2.38586,3.05586,1.45586,0.505862,-1.08414,-0.874138,-3.11414,-6.60414,-6.18414,-6.57414,-6.79414,-7.25414,-5.98414,-4.84414,-4.66414,-4.74414,-4.71414,-3.92414,-3.43414,-2.62414,-3.27414,-4.58414,-5.09414,-5.73414,-6.86414,-8.58414,-9.02414,-9.45414,-8.85414,-8.40414,-8.78414,-8.15414,-7.07414,-5.98414,-4.90414,-3.62414,-2.37414,-4.43414,-7.90414,-7.79414,-5.19414,-3.77414
12.2359,12.0159,11.8859,11.9359,11.0459,10.3759,9.70586,8.37586,8.39586,5.46586,7.20586,5.98586,3.78586,3.55586,2.50586,1.90586,1.77586,1.89586,1.98586,1.82586,4.01586,2.00586,-0.404138,-2.25414,-2.66414,-3.57414,-7.57414,-7.42414,-7.92414,-8.11414,-9.33414,-7.96414,-6.43414,-5.78414,-5.66414,-5.22414,-4.07414,-3.15414,-3.00414,-3.28414,-3.83414,-4.94414,-6.09414,-6.08414,-7.22414,-8.44414,-9.28414,-10.0541,-9.49414,-10.3941,-11.2141,-10.0941,-8.54414,-7.41414,-7.49414,-8.88414,-9.78414,-8.77414,-7.02414,-5.45414,-4.96414,-6.18414
11.6059,11.2259,11.0259,11.1559,10.6959,10.2259,8.96586,6.52586,3.70586,3.10586,4.35586,4.85586,3.10586,1.39586,1.43586,1.68586,2.22586,2.72586,3.35586,4.24586,1.33586,-3.05414,-3.55414,-4.94414,-5.39414,-7.51414,-8.50414,-9.46414,-9.57414,-10.4841,-9.24414,-8.21414,-6.68414,-6.50414,-5.72414,-4.36414,-3.54414,-2.45414,-2.09414,-2.67414,-4.11414,-4.76414,-5.94414,-6.33414,-6.38414,-6.33414,-7.14414,-8.30414,-8.24414,-8.80414,-10.3341,-11.3541,-11.1641,-10.9541,-10.6241,-9.51414,-8.67414,-8.41414,-8.29414,-7.51414,-6.21414,-4.89414
10.4459,10.5959,10.7059,10.0959,9.22586,7.85586,5.86586,4.57586,3.32586,3.69586,5.07586,3.37586,2.30586,1.75586,2.26586,4.24586,5.36586,3.93586,0.115862,-4.36414,-6.10414,-6.22414,-6.21414,-7.27414,-8.95414,-10.6241,-10.8941,-12.2841,-12.6341,-10.4241,-9.03414,-7.82414,-6.92414,-6.49414,-5.52414,-4.23414,-3.37414,-3.21414,-2.78414,-2.69414,-3.59414,-5.36414,-5.26414,-5.67414,-5.35414,-5.22414,-5.39414,-5.49414,-5.48414,-5.69414,-7.28414,-7.09414,-6.06414,-7.43414,-6.32414,-6.14414,-7.15414,-7.78414,-6.85414,-5.62414,-4.98414,-4.89414
6.91586,6.00586,4.54586,3.88586,4.05586,1.45586,-0.784138,-0.604138,1.40586,1.94586,1.20586,0.195862,1.85586,4.36586,1.46586,-3.75414,-7.77414,-9.80414,-9.63414,-8.81414,-8.61414,-9.09414,-10.7641,-11.8141,-12.9141,-13.2741,-12.8541,-12.5241,-12.2741,-11.7341,-10.5141,-9.22414,-9.00414,-9.55414,-9.02414,-7.74414,-6.35414,-5.49414,-4.26414,-3.75414,-4.04414,-4.87414,-5.20414,-5.38414,-5.30414,-5.55414,-5.41414,-5.32414,-5.42414,-5.39414,-5.50414,-5.28414,-4.96414,-4.67414,-4.63414,-4.41414,-4.41414,-4.79414,-4.67414,-4.44414,-4.05414,-3.78414
2.94586,1.14586,-1.19414,-3.45414,-4.90414,-5.58414,-4.86414,-4.00414,-2.97414,-2.81414,-0.884138,0.745862,-6.32414,-9.56414,-9.96414,-10.9241,-11.0441,-10.7641,-11.4041,-12.8641,-13.9241,-14.4941,-15.1041,-15.7641,-15.5841,-15.1841,-14.6041,-13.7241,-12.4441,-11.2041,-9.41414,-8.50414,-7.36414,-5.25414,-3.93414,-3.58414,-3.44414,-3.72414,-3.93414,-3.85414,-3.73414,-3.26414,-3.31414,-3.73414,-4.08414,-3.90414,-4.70414,-5.55414,-5.59414,-4.90414,-4.59414,-4.43414,-4.06414,-4.03414,-4.39414,-4.44414,-4.55414,-4.29414,-3.96414,-3.80414,-3.17414,-2.47414
2.30586,0.115862,-1.90414,-2.93414,-3.89414,-4.21414,-4.63414,-4.84414,-3.26414,-0.494138,-6.69414,-10.6241,-9.11414,-10.5041,-12.2241,-14.1141,-15.5141,-16.3541,-17.1941,-17.9241,-18.3541,-18.6441,-18.3441,-17.2941,-16.1041,-15.1041,-14.6741,-13.3841,-11.6241,-9.68414,-7.18414,-5.19414,-4.00414,-3.08414,-2.67414,-2.67414,-2.42414,-2.24414,-2.39414,-2.77414,-1.80414,-1.76414,-2.44414,-2.85414,-2.13414,-0.814138,0.515862,0.595862,-0.584138,-1.61414,-2.24414,-3.17414,-2.78414,-2.62414,-2.65414,-2.45414,-2.24414,-2.04414,-1.88414,-1.57414,-1.39414,-1.23414
0.0758618,-0.0841382,-0.634138,-0.384138,0.745862,1.14586,-0.234138,-4.66414,-10.4941,-13.7841,-14.0441,-15.5541,-17.3541,-18.8341,-20.0541,-20.7041,-20.8841,-20.7041,-20.4341,-20.4741,-19.8441,-18.7941,-17.9541,-17.6541,-16.7241,-14.7941,-12.7641,-11.4341,-10.1441,-8.27414,-5.70414,-4.16414,-4.67414,-7.57414,-6.29414,-8.28414,-6.42414,-2.44414,-1.17414,0.175862,-2.74414,-6.85414,-2.84414,-3.54414,-5.04414,-4.85414,-3.55414,-2.27414,0.0158618,-0.274138,-0.0141382,-5.72414,-5.04414,-2.47414,-1.20414,-0.654138,-0.704138,-0.724138,-0.464138,-0.0941382,0.275862,0.795862
-20.8841,-21.1941,-18.9041,-16.3241,-15.5241,-16.2141,-17.2441,-18.3141,-19.1341,-19.5341,-19.8241,-19.9441,-19.9841,-20.3641,-20.6641,-20.5541,-20.8741,-21.5641,-21.8941,-21.7241,-21.2341,-20.0241,-19.3841,-16.0141,-13.3041,-13.2441,-11.1941,-9.14414,-10.0241,-11.6841,-9.37414,-7.71414,-7.00414,-9.62414,-11.1941,-9.92414,-8.21414,-0.954138,-10.5741,-11.3741,-8.75414,-10.4041,-8.73414,-6.04414,-4.27414,-2.92414,-4.93414,-5.37414,-8.53414,-9.94414,-11.3141,-3.85414,4.37586,4.27586,-0.274138,-3.10414,-1.91414,-0.384138,-0.0341382,0.935862,0.185862,-1.05414
-19.2741,-19.0041,-18.5341,-18.3941,-18.0041,-17.8741,-17.4841,-15.8941,-13.2441,-17.3441,-18.3441,-18.4641,-18.6941,-19.1141,-20.0341,-21.1941,-21.3941,-21.3241,-20.9441,-19.4441,-17.5841,-17.6641,-16.6341,-14.7141,-14.1241,-12.3541,-11.4541,-12.5441,-12.0441,-11.2741,-10.9741,-10.0841,-9.42414,-9.45414,-10.4241,-9.13414,-1.52414,-4.25414,-7.84414,-6.40414,-9.18414,-9.83414,-9.28414,-6.34414,-3.74414,-2.85414,-3.27414,-4.87414,-5.99414,-4.42414,-4.21414,-4.82414,-6.06414,-6.70414,-6.99414,-7.07414,-7.30414,-8.44414,-8.86414,-8.67414,-7.95414,-8.01414
-16.4041,-15.7341,-15.0441,-12.9741,-11.1141,-10.7641,-8.76414,-6.77414,-8.31414,-11.0741,-15.0641,-16.4441,-16.1941,-14.9141,-11.7141,-10.9141,-17.7341,-20.2041,-18.6841,-17.6741,-16.1241,-14.7641,-13.7641,-13.2741,-12.4241,-10.9841,-11.1841,-11.4541,-10.4841,-9.54414,-9.46414,-9.41414,-8.44414,-7.70414,-6.96414,-4.03414,-3.12414,-3.43414,-5.09414,-6.58414,-7.28414,-6.91414,-4.73414,-4.16414,-3.93414,-3.73414,-3.54414,-2.98414,-2.34414,-2.85414,-3.51414,-4.05414,-4.58414,-5.31414,-5.61414,-5.87414,-6.02414,-6.31414,-6.34414,-6.74414,-6.55414,-6.16414
-12.5741,-11.3841,-8.63414,-6.63414,-7.45414,-6.02414,-3.93414,-4.77414,-4.76414,-3.77414,-2.87414,-9.32414,-13.4141,-11.3641,-15.3741,-16.8341,-15.5641,-15.2741,-14.9541,-14.4941,-13.9441,-13.3941,-12.3641,-11.3341,-10.7341,-10.1941,-9.33414,-8.78414,-8.49414,-7.83414,-7.94414,-6.88414,-6.24414,-5.05414,-2.66414,-1.69414,-2.60414,-3.33414,-3.75414,-4.33414,-4.34414,-4.05414,-3.75414,-3.74414,-3.17414,-2.22414,-2.01414,-1.71414,-1.29414,-1.20414,-1.32414,-2.13414,-2.53414,-3.25414,-4.02414,-4.40414,-4.61414,-4.66414,-4.71414,-4.78414,-4.35414,-4.07414
-5.11414,-3.15414,-1.04414,0.0158618,0.0158618,-1.26414,0.875862,1.24586,0.285862,0.655862,-0.144138,-4.49414,-12.2241,-13.5541,-13.1841,-13.3141,-13.1941,-13.1741,-12.9941,-12.3641,-11.5441,-10.8941,-10.2041,-9.37414,-8.56414,-8.15414,-7.77414,-7.14414,-6.28414,-5.88414,-5.71414,-5.27414,-4.67414,-3.18414,-2.02414,-2.10414,-2.34414,-2.05414,-1.77414,-1.89414,-1.96414,-1.77414,-1.62414,-1.51414,-0.454138,0.715862,0.875862,0.565862,0.215862,0.295862,0.245862,-0.404138,-1.33414,-2.18414,-2.47414,-2.50414,-2.47414,-2.56414,-2.74414,-2.65414,-2.69414,-2.64414
-0.234138,1.31586,2.77586,4.42586,5.57586,5.63586,3.56586,1.26586,-1.10414,-3.46414,-6.02414,-5.22414,-6.53414,-10.2141,-11.1941,-10.6541,-9.92414,-9.60414,-9.00414,-8.51414,-8.32414,-7.95414,-7.41414,-6.94414,-6.78414,-6.41414,-5.78414,-5.40414,-4.92414,-4.65414,-4.66414,-4.14414,-3.13414,-2.24414,-1.58414,-1.11414,-0.494138,0.0158618,0.375862,0.515862,0.545862,0.725862,1.22586,1.87586,2.24586,2.07586,1.86586,1.40586,0.775862,0.345862,0.0258618,-0.314138,-0.124138,0.135862,-0.254138,-0.744138,-1.06414,-1.20414,-1.38414,-1.64414,-1.51414,-1.31414
2.76586,3.56586,3.11586,2.90586,4.28586,3.43586,-1.75414,-6.39414,-4.13414,-4.81414,-6.47414,-5.97414,-6.13414,-7.53414,-7.72414,-7.01414,-6.85414,-6.69414,-6.30414,-6.27414,-6.27414,-5.70414,-5.13414,-4.66414,-4.20414,-3.75414,-3.28414,-2.92414,-2.67414,-2.34414,-1.78414,-1.07414,-0.554138,-0.104138,0.345862,0.815862,1.27586,1.78586,2.19586,2.56586,2.88586,2.89586,2.90586,2.79586,2.64586,2.20586,1.62586,1.20586,1.03586,0.715862,0.725862,0.815862,0.765862,0.875862,1.05586,1.09586,0.925862,0.835862,0.955862,1.03586,1.27586,1.54586
-1.05414,-1.39414,-1.41414,-2.07414,-5.02414,-6.94414,-6.16414,-5.78414,-6.13414,-5.98414,-5.35414,-4.65414,-4.64414,-5.39414,-5.85414,-5.41414,-4.90414,-4.56414,-4.08414,-3.80414,-3.47414,-3.11414,-2.71414,-2.16414,-1.65414,-1.07414,-0.584138,-0.264138,0.0158618,0.335862,1.00586,1.87586,2.48586,2.74586,2.82586,2.93586,3.17586,3.46586,3.70586,3.83586,3.91586,4.02586,3.85586,3.51586,3.35586,3.24586,3.07586,2.92586,2.63586,2.53586,2.45586,2.44586,2.46586,2.61586,2.70586,2.68586,2.77586,2.98586,3.06586,3.14586,3.38586,3.69586
-4.31414,-5.37414,-6.02414,-5.90414,-6.25414,-6.79414,-6.70414,-6.60414,-6.42414,-5.94414,-5.60414,-5.22414,-5.27414,-5.63414,-5.58414,-4.88414,-3.95414,-3.17414,-2.69414,-2.31414,-2.01414,-1.65414,-1.13414,-0.774138,-0.454138,-0.0741382,0.385862,0.695862,0.915862,1.51586,2.32586,3.19586,3.97586,4.33586,4.25586,4.26586,4.58586,4.87586,4.92586,4.83586,4.69586,4.61586,4.72586,4.90586,4.96586,4.87586,4.73586,4.59586,4.41586,4.22586,4.19586,4.09586,3.79586,3.55586,3.60586,3.66586,3.67586,3.72586,3.79586,3.98586,4.37586,4.95586
-3.36414,-4.48414,-5.93414,-7.05414,-7.35414,-7.01414,-6.73414,-6.54414,-6.24414,-5.93414,-5.71414,-5.41414,-5.00414,-4.55414,-4.12414,-3.79414,-3.46414,-3.46414,-3.43414,-2.83414,-2.24414,-1.83414,-1.52414,-1.20414,-0.734138,-0.274138,0.165862,0.535862,0.905862,1.58586,2.45586,3.35586,4.35586,5.36586,5.90586,5.90586,5.75586,5.62586,5.64586,5.54586,5.37586,5.51586,5.84586,6.10586,6.18586,6.31586,6.29586,6.14586,6.04586,5.92586,5.75586,5.65586,5.56586,5.43586,5.37586,5.43586,5.53586,5.75586,6.04586,6.33586,6.72586,7.23586
-3.65414,-4.71414,-6.40414,-7.70414,-8.06414,-8.25414,-8.48414,-8.32414,-7.68414,-7.03414,-6.90414,-6.74414,-6.13414,-5.70414,-5.37414,-5.00414,-4.87414,-4.70414,-4.33414,-4.03414,-3.68414,-3.18414,-2.61414,-2.13414,-1.56414,-0.724138,0.265862,1.21586,2.21586,2.91586,3.41586,4.13586,4.92586,5.70586,6.28586,6.60586,6.65586,6.56586,6.63586,6.85586,6.96586,6.74586,6.40586,6.21586,6.56586,7.07586,7.20586,7.16586,7.08586,7.02586,6.96586,6.93586,6.96586,7.01586,7.11586,7.26586,7.44586,7.71586,7.94586,7.97586,7.94586,8.03586
