wind000.json
{"header": {"parameterUnit":"m.s-1","parameterNumber":3,"parameterCategory":2,"parameterNumberName":"V-component_of_wind","dx":1,"dy":1,"la1":90,"la2":-90,"lo1":0,"lo2":359,"nx":360,"ny":181,"refTime":"2018-08-06T08:00:00.000Z\n"}, "data":
[rows 58 to 86 of 181, columns 130 to 194 of 360]
-3.72284,0.527163,0.677163,-3.19284,-0.702837,-0.272837,0.0971631,0.227163,-0.202837,-0.602837,-1.33284,-2.47284,-2.94284,-2.83284,-1.29284,0.627163,2.20716,3.52716,3.93716,5.08716,6.28716,6.96716,6.78716,6.26716,5.85716,5.45716,5.21716,4.79716,5.03716,4.94716,4.38716,3.23716,3.82716,4.38716,3.63716,2.90716,2.85716,2.22716,0.127163,-0.622837,-1.33284,-1.62284,-2.51284,-4.58284,5.96716,7.09716,6.30716,5.61716,4.87716,4.07716,3.38716,2.60716,1.09716,-0.272837,-0.182837,-1.08284,-2.22284,-2.48284,-2.30284,-2.32284,-2.53284,-2.85284,-3.17284,-3.14284,-3.26284
-5.25284,2.19716,-0.682837,-2.90284,-1.37284,-0.952837,-0.992837,-1.06284,-1.64284,-2.78284,-4.21284,-5.72284,-6.54284,-5.48284,-3.50284,-1.78284,1.13716,3.54716,6.23716,7.53716,7.99716,8.47716,8.06716,7.10716,6.52716,5.86716,5.25716,4.96716,4.94716,4.27716,4.58716,4.26716,4.12716,3.57716,2.69716,1.61716,0.847163,-0.252837,-1.18284,-1.50284,-1.70284,-2.86284,-2.85284,-2.22284,5.19716,6.26716,6.06716,5.31716,4.29716,3.43716,2.25716,1.46716,0.667163,-0.212837,-0.292837,-0.312837,-0.372837,-1.41284,-2.66284,-2.54284,-2.17284,-2.05284,-2.18284,-2.37284,-2.66284
-4.94284,-1.75284,-1.97284,-1.15284,-1.14284,-1.50284,-1.93284,-2.60284,-3.70284,-5.10284,-7.01284,-8.69284,-8.87284,-8.30284,-8.20284,-6.94284,-2.09284,5.18716,9.81716,12.4572,11.2172,10.3572,9.10716,7.98716,6.76716,5.83716,5.23716,5.16716,4.57716,4.50716,4.45716,3.70716,2.98716,2.44716,1.49716,0.417163,-0.442837,-1.24284,-1.71284,-2.52284,-3.54284,-4.52284,-1.34284,-1.10284,5.19716,6.17716,6.16716,5.19716,3.91716,2.49716,1.74716,0.807163,-0.182837,-0.712837,-1.40284,-1.67284,-1.71284,-1.49284,-1.37284,-1.56284,-2.51284,-3.23284,-3.60284,-3.86284,-3.66284
-4.43284,-2.28284,-1.44284,-1.41284,-1.56284,-2.13284,-3.00284,-4.18284,-5.57284,-7.14284,-8.64284,-9.38284,-10.2528,-12.6628,-16.0528,-16.8828,-4.11284,9.33716,14.2972,15.9572,15.0872,12.2072,10.6672,8.61716,7.26716,5.97716,5.16716,5.21716,4.52716,4.28716,3.52716,2.71716,1.94716,0.877163,0.0671631,-0.712837,-1.33284,-1.73284,-2.82284,-2.75284,-4.14284,-2.82284,-2.25284,-0.452837,5.14716,6.27716,5.73716,4.58716,3.25716,2.18716,1.59716,1.12716,0.697163,-0.372837,-0.322837,-0.962837,-0.772837,-1.07284,-1.96284,-2.04284,-2.13284,-2.33284,-2.44284,-2.31284,-2.05284
-4.38284,-1.89284,-1.78284,-2.36284,-2.71284,-3.35284,-4.27284,-5.41284,-6.64284,-7.76284,-9.11284,-9.58284,-10.9328,-14.8228,-21.6128,-23.7828,-2.74284,27.0972,22.3872,19.5972,17.3372,14.3072,11.6672,9.44716,7.85716,6.25716,5.10716,4.61716,4.18716,3.45716,2.46716,1.97716,0.937163,-0.0228369,-0.772837,-1.32284,-1.54284,-2.85284,-2.09284,-3.22284,-3.77284,-3.61284,-2.68284,0.897163,5.08716,6.29716,5.59716,4.32716,2.97716,2.18716,2.29716,1.11716,0.307163,-0.232837,-0.312837,0.0871631,-0.892837,-1.75284,-1.93284,-1.93284,-2.21284,-2.38284,-2.30284,-2.26284,-2.18284
-3.35284,-3.08284,-3.35284,-3.77284,-4.06284,-4.50284,-5.06284,-5.80284,-6.70284,-7.54284,-7.46284,-8.93284,-9.39284,-11.8028,-15.2328,-15.5928,7.00716,31.2872,24.2472,20.3372,19.3372,15.2272,12.1872,9.61716,8.10716,6.19716,4.93716,3.82716,3.63716,2.73716,1.40716,1.21716,-0.0928369,-0.872837,-1.44284,-1.71284,-2.12284,-2.17284,-2.15284,-3.32284,-3.93284,-3.58284,-3.83284,2.32716,4.37716,6.22716,5.22716,3.81716,3.17716,2.30716,1.55716,0.807163,-0.252837,-0.582837,-0.442837,-1.22284,-1.57284,-1.28284,-1.35284,-1.67284,-1.68284,-1.23284,-0.442837,-0.132837,-0.182837
-3.83284,-4.35284,-4.84284,-4.99284,-4.91284,-4.94284,-5.14284,-5.47284,-5.79284,-5.80284,-6.00284,-7.26284,-7.61284,-7.83284,-5.49284,-0.892837,10.1972,17.1472,18.9372,18.8772,18.3872,15.1972,12.6072,9.74716,7.86716,5.83716,4.48716,3.19716,3.03716,2.02716,1.45716,0.427163,-0.602837,-0.882837,-1.55284,-2.00284,-2.15284,-2.17284,-2.82284,-3.90284,-3.95284,-3.65284,-3.70284,1.81716,3.29716,6.11716,4.94716,3.84716,2.99716,2.16716,0.837163,-0.302837,-0.412837,-0.272837,-0.172837,-0.352837,-0.782837,-0.612837,-0.642837,-1.19284,-1.33284,-0.992837,-0.692837,-0.582837,-0.752837
-5.33284,-5.72284,-5.59284,-5.59284,-5.39284,-4.83284,-4.26284,-4.78284,-4.14284,-4.03284,-4.38284,-4.96284,-4.95284,-3.78284,-1.59284,1.79716,6.93716,11.8572,14.9272,16.4872,16.7772,14.6872,12.2372,9.43716,7.28716,5.47716,3.66716,1.93716,2.40716,1.55716,1.27716,-0.312837,-0.842837,-0.972837,-1.68284,-1.43284,-0.932837,-1.86284,-2.90284,-3.30284,-3.23284,-3.88284,-2.70284,2.09716,4.39716,5.87716,4.71716,3.41716,2.51716,1.40716,0.577163,-0.532837,-0.292837,-0.632837,-0.342837,-0.732837,-0.752837,-0.532837,-0.452837,-0.582837,-0.782837,-0.872837,-1.04284,-1.00284,-0.962837
-6.18284,-6.17284,-6.06284,-5.46284,-5.09284,-3.94284,-3.21284,-3.44284,-3.10284,-2.56284,-2.59284,-3.03284,-3.07284,-1.85284,0.337163,2.97716,5.84716,9.07716,12.5072,13.9572,15.3272,13.4872,11.2072,8.86716,6.62716,4.82716,2.79716,1.92716,2.15716,1.10716,0.397163,-0.882837,-1.55284,-1.85284,-2.16284,-1.05284,-1.12284,-1.69284,-2.55284,-2.91284,-3.05284,-1.73284,-0.632837,3.62716,4.11716,4.85716,2.63716,2.20716,1.82716,1.06716,0.0171631,-0.602837,-0.932837,-0.942837,-1.30284,-0.512837,-0.592837,-0.232837,-0.252837,-0.702837,-0.982837,-1.22284,-1.46284,-1.41284,-1.22284
-6.00284,-6.17284,-6.03284,-5.53284,-4.22284,-2.16284,-1.39284,-0.352837,-0.472837,-0.312837,-0.712837,-0.752837,-0.392837,0.737163,2.52716,4.95716,7.58716,9.48716,11.8872,14.3472,14.4772,12.5372,10.1972,7.45716,5.78716,4.09716,2.39716,2.39716,1.63716,0.297163,-0.342837,-1.21284,-2.11284,-1.77284,-1.70284,-1.74284,-2.33284,-2.34284,-1.86284,-1.95284,-0.812837,-0.172837,0.887163,2.34716,2.64716,3.06716,1.82716,1.56716,0.727163,0.0971631,-0.702837,-1.32284,-1.28284,-1.67284,-0.842837,-1.41284,-1.11284,-0.542837,0.267163,0.507163,0.197163,-0.542837,-0.772837,-0.652837,-0.772837
-8.57284,-7.14284,-5.35284,-3.90284,-2.27284,-1.61284,-0.732837,0.0771631,0.977163,1.84716,2.27716,1.69716,2.25716,2.92716,4.10716,5.70716,7.57716,9.77716,12.9372,13.5572,11.8072,10.3372,8.15716,6.01716,4.78716,3.18716,1.79716,1.57716,0.747163,-0.422837,-1.29284,-2.26284,-2.16284,-1.77284,-1.96284,-2.13284,-1.63284,-1.48284,-1.17284,-0.952837,-0.0728369,-0.0428369,-0.0828369,0.127163,0.967163,2.02716,1.65716,1.06716,0.727163,-0.0728369,-0.772837,-1.16284,-1.29284,-1.54284,-1.63284,-1.76284,-1.23284,0.127163,1.00716,0.557163,-0.342837,-0.552837,-0.802837,-0.942837,-1.20284
-7.79284,-5.87284,-5.88284,-4.92284,-2.69284,-0.182837,0.477163,1.83716,3.59716,4.77716,5.05716,4.34716,4.90716,5.09716,6.30716,7.61716,8.84716,10.7372,11.8472,10.9972,9.44716,7.46716,5.97716,4.29716,3.44716,1.98716,0.707163,0.197163,-0.332837,-1.44284,-2.20284,-1.87284,-1.78284,-1.80284,-0.942837,-0.0128369,-1.06284,-1.20284,-1.03284,-0.572837,-0.282837,-0.252837,0.197163,-0.0928369,0.307163,1.00716,1.37716,0.947163,0.287163,-0.132837,-0.472837,-1.13284,-1.85284,-1.65284,-1.98284,-1.85284,-0.582837,0.497163,0.357163,-0.112837,-0.352837,0.297163,-0.802837,-1.65284,-1.19284
-7.51284,-6.50284,-7.61284,-5.83284,-2.26284,2.05716,4.49716,6.23716,6.74716,8.26716,8.56716,9.44716,8.91716,8.18716,8.03716,8.69716,9.05716,9.92716,10.0072,9.24716,7.83716,5.35716,3.94716,3.04716,1.51716,0.147163,-0.652837,-0.362837,-1.47284,-2.22284,-1.79284,-0.972837,-0.902837,-0.412837,0.0371631,-0.322837,-0.222837,-0.992837,-0.822837,-0.382837,0.0271631,0.547163,-0.762837,-0.662837,-1.08284,0.247163,0.627163,0.537163,0.157163,-0.572837,-0.932837,-1.47284,-1.74284,-1.82284,-1.88284,-1.63284,-1.24284,-0.612837,-0.0828369,0.457163,0.587163,-0.152837,-0.792837,-1.39284,-1.55284
-8.09284,-7.75284,-9.26284,-6.59284,3.40716,7.19716,7.95716,8.74716,9.03716,9.05716,9.44716,9.32716,9.54716,9.06716,9.07716,8.84716,8.61716,8.22716,7.66716,6.35716,5.27716,3.56716,1.90716,1.22716,-0.482837,-1.58284,-2.24284,-1.58284,-2.01284,-2.19284,-2.12284,-1.24284,-0.672837,-0.692837,-0.832837,0.0371631,0.117163,0.167163,-0.382837,0.0171631,0.847163,-0.322837,-0.932837,-0.552837,-1.29284,-0.422837,-0.162837,-0.112837,-0.382837,-0.842837,-1.24284,-1.74284,-1.86284,-1.86284,-2.08284,-1.94284,-1.27284,-0.212837,0.717163,0.807163,0.437163,-0.832837,-1.54284,-1.34284,-1.95284
-7.52284,-5.74284,-5.42284,-3.41284,9.10716,9.19716,8.60716,9.14716,9.57716,9.98716,9.73716,9.15716,8.62716,8.95716,7.99716,6.76716,5.92716,6.49716,5.45716,5.40716,3.67716,1.85716,1.11716,-0.182837,-2.35284,-3.20284,-3.83284,-1.96284,-1.87284,-1.82284,-1.59284,-0.842837,-0.762837,-0.122837,-0.0328369,-0.0328369,0.177163,0.137163,0.937163,0.817163,1.01716,-0.112837,-0.882837,-0.382837,-1.97284,-1.54284,-0.742837,-0.282837,-0.372837,-0.742837,-1.16284,-1.31284,-1.54284,-1.78284,-1.81284,-1.54284,-1.02284,-0.942837,-0.452837,0.207163,0.327163,-0.0228369,-0.872837,-1.31284,-2.38284
-2.76284,-0.692837,0.497163,4.54716,8.19716,8.63716,8.65716,8.95716,10.1172,10.3172,9.92716,9.61716,8.82716,8.35716,6.65716,6.32716,6.25716,5.81716,5.39716,4.74716,2.59716,0.957163,-0.0628369,-1.83284,-3.86284,-4.36284,-4.04284,-2.67284,-1.94284,-1.29284,-1.77284,-1.37284,0.347163,0.167163,0.0671631,0.317163,0.337163,1.08716,0.647163,1.25716,1.32716,0.807163,-0.652837,-0.912837,-2.02284,-1.80284,-1.43284,-1.39284,-1.25284,-0.932837,-1.08284,-1.49284,-1.33284,-1.40284,-1.59284,-1.95284,-1.77284,-0.772837,0.437163,0.687163,0.107163,-0.462837,-1.02284,-0.902837,-0.902837
0.957163,0.427163,1.53716,3.49716,5.74716,7.32716,8.32716,9.00716,9.80716,10.3872,9.68716,9.76716,8.76716,7.85716,6.58716,6.26716,5.40716,4.69716,4.37716,3.13716,1.08716,0.0571631,-1.57284,-3.44284,-5.44284,-4.74284,-4.78284,-2.95284,-1.12284,-1.20284,-1.33284,-0.162837,1.14716,0.757163,0.897163,0.927163,1.56716,1.41716,1.27716,1.32716,0.857163,0.00716309,0.0971631,-0.932837,-2.38284,-2.33284,-2.01284,-1.87284,-1.54284,-1.13284,-1.03284,-1.08284,-1.38284,-2.00284,-2.06284,-1.73284,-1.24284,-0.742837,-0.252837,-0.0628369,0.0371631,-0.522837,-1.03284,-1.13284,-1.48284
0.437163,1.08716,2.03716,3.90716,5.67716,7.15716,8.08716,9.13716,9.80716,9.84716,9.30716,9.02716,8.56716,7.24716,6.09716,5.75716,4.97716,3.96716,2.95716,1.85716,0.297163,-0.822837,-2.77284,-4.89284,-6.48284,-4.92284,-3.84284,-2.83284,-1.76284,-1.18284,-0.982837,0.577163,1.31716,1.01716,1.08716,1.57716,1.72716,2.23716,1.07716,1.05716,0.337163,0.187163,-0.682837,-1.81284,-1.95284,-2.70284,-2.98284,-2.49284,-2.70284,-1.73284,-1.34284,-1.34284,-1.76284,-1.46284,-1.64284,-1.58284,-1.30284,-0.922837,-0.632837,-0.572837,-0.712837,-0.662837,-0.842837,-1.28284,-1.37284
2.06716,1.97716,2.80716,4.38716,6.14716,7.62716,8.48716,9.59716,9.70716,8.89716,8.69716,8.70716,7.52716,6.90716,6.59716,5.10716,3.96716,2.23716,1.17716,0.437163,-0.892837,-2.63284,-4.43284,-6.21284,-6.66284,-4.25284,-4.15284,-3.04284,-2.50284,-1.30284,0.417163,1.08716,0.657163,0.777163,1.70716,1.60716,1.89716,2.10716,2.97716,1.16716,0.547163,0.157163,-0.782837,-0.892837,-1.67284,-2.13284,-2.48284,-2.07284,-1.44284,-1.31284,-1.06284,-1.33284,-1.24284,-1.21284,-1.44284,-1.25284,-1.06284,-1.07284,-1.09284,-1.01284,-0.672837,-0.772837,-0.982837,-1.27284,-1.47284
3.36716,3.63716,4.74716,5.88716,7.19716,7.68716,8.79716,9.29716,8.83716,8.43716,7.84716,7.48716,6.98716,6.69716,6.01716,4.13716,2.63716,0.797163,-0.152837,-1.00284,-2.20284,-3.56284,-5.99284,-6.94284,-6.50284,-4.80284,-3.34284,-2.55284,-1.24284,-0.572837,1.07716,1.08716,0.967163,0.567163,-0.0828369,1.10716,1.02716,1.76716,2.74716,3.48716,1.35716,0.267163,-0.182837,-1.27284,-1.80284,-2.24284,-3.05284,-2.48284,-2.03284,-1.16284,-1.03284,-0.902837,-1.02284,-1.18284,-1.16284,-0.772837,-1.08284,-1.16284,-1.21284,-0.782837,-0.712837,-0.652837,-0.862837,-1.12284,-1.75284
5.33716,5.92716,7.60716,7.46716,7.28716,7.76716,8.09716,8.37716,8.40716,7.91716,7.32716,7.05716,7.01716,6.40716,5.37716,4.11716,2.49716,0.327163,-1.33284,-2.67284,-3.59284,-5.45284,-6.24284,-6.81284,-6.15284,-4.79284,-2.91284,-1.92284,-1.51284,-0.252837,0.957163,1.21716,0.607163,0.337163,-0.702837,-1.98284,-0.502837,1.59716,2.88716,2.87716,2.80716,0.737163,0.447163,-0.882837,-1.95284,-2.41284,-3.43284,-3.00284,-2.40284,-1.53284,-0.482837,-0.932837,-1.01284,-0.962837,-0.602837,-0.332837,-1.19284,-1.99284,-1.98284,-1.83284,-1.66284,-0.952837,-0.0328369,-0.00283691,0.207163
6.94716,7.03716,6.81716,6.52716,7.23716,7.18716,7.61716,8.14716,8.00716,7.59716,7.71716,7.01716,6.44716,5.91716,4.64716,3.69716,1.81716,-0.302837,-2.44284,-4.31284,-4.83284,-6.34284,-6.50284,-5.27284,-4.88284,-4.39284,-2.93284,-1.80284,-1.30284,0.127163,1.26716,1.11716,0.367163,-1.34284,-2.27284,-1.42284,-0.482837,1.72716,2.88716,2.82716,2.07716,1.31716,-0.00283691,-0.702837,-0.612837,-2.28284,-3.18284,-2.95284,-2.16284,-0.432837,-0.392837,-0.452837,-0.992837,-1.24284,-0.482837,-0.672837,-1.00284,-0.872837,-1.80284,-2.36284,-1.60284,0.397163,1.37716,1.24716,0.127163
7.93716,7.13716,6.80716,6.08716,7.10716,6.32716,7.53716,7.80716,7.84716,7.93716,7.21716,6.94716,6.16716,4.96716,4.20716,3.18716,0.747163,-1.32284,-3.14284,-4.70284,-6.19284,-7.01284,-6.03284,-3.70284,-2.84284,-1.97284,-2.12284,-1.57284,-0.812837,-0.542837,0.797163,0.687163,-1.49284,-2.90284,-2.57284,-1.74284,-0.402837,2.70716,3.52716,3.41716,2.63716,1.92716,0.237163,-1.45284,-1.61284,-1.74284,-2.62284,-2.15284,-0.852837,0.987163,0.997163,0.457163,-1.67284,-1.80284,-1.69284,-0.732837,-0.732837,-1.39284,-2.12284,-1.86284,-0.292837,2.12716,3.04716,2.40716,1.47716
7.69716,6.97716,7.38716,6.90716,6.31716,5.63716,6.92716,7.63716,8.11716,7.78716,7.52716,6.31716,5.39716,4.83716,4.69716,2.76716,0.587163,-2.06284,-3.80284,-5.17284,-6.99284,-7.60284,-5.81284,-3.03284,-1.64284,-1.00284,-0.332837,-0.232837,-0.322837,-0.352837,-0.252837,-2.38284,-3.37284,-3.45284,-3.67284,-3.05284,-1.09284,2.99716,3.86716,3.41716,2.41716,1.70716,1.17716,0.467163,-1.32284,-2.29284,-2.66284,-2.70284,-1.88284,-0.652837,-0.0728369,-0.222837,-0.512837,-1.16284,-1.00284,-0.502837,-0.122837,-0.302837,-1.04284,0.867163,2.38716,2.95716,3.16716,2.39716,1.86716
7.74716,7.17716,7.18716,6.57716,5.02716,5.65716,6.71716,6.90716,7.06716,7.36716,5.18716,5.01716,4.59716,3.80716,2.52716,1.89716,-0.302837,-2.63284,-4.74284,-5.96284,-6.93284,-6.75284,-5.20284,-3.06284,-1.96284,-1.22284,-0.732837,-0.672837,-0.392837,0.217163,-1.62284,-3.42284,-3.48284,-3.35284,-3.88284,-2.65284,-1.04284,2.59716,3.94716,3.35716,2.80716,1.23716,0.407163,-0.362837,-1.64284,-2.07284,-2.27284,-2.01284,-1.96284,-1.15284,-1.01284,-1.67284,-2.28284,-1.57284,-0.702837,0.677163,1.50716,1.15716,0.757163,1.12716,1.91716,2.64716,2.38716,2.13716,1.53716
7.41716,8.02716,6.97716,5.90716,5.71716,5.57716,5.58716,5.73716,5.84716,4.66716,4.06716,3.47716,1.63716,-0.212837,0.257163,-1.54284,-2.40284,-4.31284,-5.67284,-5.92284,-6.52284,-6.91284,-5.36284,-2.48284,-1.53284,-0.932837,-1.00284,-1.29284,-1.28284,-2.35284,-2.94284,-3.47284,-3.74284,-4.30284,-3.88284,-2.09284,-0.0428369,2.02716,3.44716,2.92716,3.09716,1.96716,-0.772837,-1.29284,-1.43284,-1.52284,-2.42284,-2.05284,-1.87284,-1.57284,-0.612837,0.197163,0.957163,0.127163,-0.122837,0.947163,1.84716,2.03716,2.75716,3.93716,3.98716,2.92716,2.36716,2.05716,2.04716
7.57716,7.82716,6.98716,6.15716,5.13716,4.73716,4.27716,4.59716,3.90716,3.57716,4.00716,2.97716,2.17716,-0.152837,-2.71284,-3.63284,-5.67284,-5.05284,-5.41284,-6.04284,-6.25284,-5.81284,-4.60284,-3.07284,-1.92284,-0.962837,-1.16284,-2.12284,-4.43284,-4.24284,-4.55284,-4.32284,-4.33284,-4.36284,-3.98284,-1.66284,0.527163,1.88716,2.73716,2.09716,2.72716,2.34716,1.94716,0.557163,-0.862837,-1.49284,-2.23284,-1.51284,-1.23284,-0.552837,0.477163,0.617163,0.437163,0.447163,2.03716,3.06716,3.72716,4.14716,4.86716,4.16716,3.57716,3.73716,4.07716,3.69716,2.98716
8.15716,7.95716,6.89716,6.05716,5.36716,3.87716,2.84716,2.21716,0.107163,0.0971631,0.577163,0.637163,-0.232837,-2.11284,-2.77284,-3.52284,-5.67284,-5.74284,-5.86284,-5.65284,-4.26284,-3.79284,-4.12284,-2.83284,-1.43284,-0.952837,-0.772837,-1.35284,-1.62284,-2.37284,-3.37284,-3.28284,-3.62284,-3.67284,-2.01284,-1.13284,0.197163,1.49716,2.03716,1.02716,2.74716,1.79716,1.17716,0.437163,-0.232837,-0.102837,0.357163,-1.46284,-0.912837,-0.122837,0.807163,2.07716,2.46716,3.39716,3.52716,4.15716,4.26716,5.33716,4.31716,3.89716,3.90716,4.34716,4.66716,3.12716,2.25716
8.15716,7.66716,6.14716,5.09716,4.32716,3.81716,2.84716,2.11716,0.207163,0.377163,0.537163,0.927163,1.82716,-0.862837,-2.83284,-4.92284,-5.34284,-5.20284,-4.71284,-4.57284,-3.92284,-3.40284,0.517163,-0.132837,0.107163,-1.45284,-0.732837,-0.362837,-0.362837,-1.83284,-2.93284,-3.15284,-3.36284,-3.30284,-1.97284,-0.682837,0.387163,1.02716,2.32716,3.77716,2.92716,3.86716,3.08716,1.22716,0.507163,1.88716,1.62716,2.95716,3.65716,3.53716,3.45716,4.54716,4.49716,3.67716,3.99716,4.13716,3.60716,3.76716,3.50716,2.96716,2.99716,2.59716,2.39716,2.32716,2.34716
