wind000.json
{"header": {"parameterUnit":"m.s-1","parameterNumber":2,"parameterCategory":2,"parameterNumberName":"U-component_of_wind","dx":1,"dy":1,"la1":90,"la2":-90,"lo1":0,"lo2":359,"nx":360,"ny":181,"refTime":"2018-08-06T08:00:00.000Z\n"}, "data":
[rows 0 to 27 of 181, columns 186 to 247 of 360]
0,0,0,0,0,0,0,0,0,0,0,0,0,0,0,0,0,0,0,0,0,0,0,0,0,0,0,0,0,0,0,0,0,0,0,0,0,0,0,0,0,0,0,0,0,0,0,0,0,0,0,0,0,0,0,0,0,0,0,0,0,0
0.405862,0.335862,0.255862,0.185862,0.105862,0.0358618,-0.0441382,-0.124138,-0.194138,-0.274138,-0.344138,-0.424138,-0.494138,-0.574138,-0.644138,-0.714138,-0.784138,-0.864138,-0.934138,-1.00414,-1.07414,-1.14414,-1.21414,-1.28414,-1.35414,-1.42414,-1.49414,-1.55414,-1.62414,-1.69414,-1.75414,-1.82414,-1.88414,-1.95414,-2.01414,-2.07414,-2.14414,-2.20414,-2.26414,-2.32414,-2.38414,-2.44414,-2.51414,-2.56414,-2.62414,-2.68414,-2.73414,-2.79414,-2.84414,-2.88414,-2.93414,-2.97414,-3.01414,-3.05414,-3.10414,-3.14414,-3.19414,-3.23414,-3.28414,-3.32414,-3.36414,-3.40414
0.395862,0.325862,0.245862,0.175862,0.105862,0.0358618,-0.0341382,-0.114138,-0.174138,-0.254138,-0.314138,-0.384138,-0.444138,-0.514138,-0.584138,-0.644138,-0.724138,-0.794138,-0.864138,-0.934138,-1.00414,-1.07414,-1.15414,-1.23414,-1.30414,-1.39414,-1.47414,-1.57414,-1.65414,-1.74414,-1.82414,-1.92414,-2.02414,-2.13414,-2.24414,-2.35414,-2.45414,-2.56414,-2.66414,-2.76414,-2.87414,-2.97414,-3.07414,-3.18414,-3.27414,-3.37414,-3.47414,-3.55414,-3.65414,-3.73414,-3.82414,-3.90414,-3.97414,-4.05414,-4.12414,-4.20414,-4.27414,-4.33414,-4.40414,-4.45414,-4.51414,-4.57414
0.505862,0.415862,0.325862,0.235862,0.145862,0.0658618,-0.0141382,-0.0841382,-0.144138,-0.194138,-0.234138,-0.284138,-0.314138,-0.364138,-0.404138,-0.464138,-0.534138,-0.624138,-0.724138,-0.824138,-0.944138,-1.05414,-1.17414,-1.29414,-1.41414,-1.53414,-1.64414,-1.75414,-1.85414,-1.95414,-2.05414,-2.15414,-2.25414,-2.35414,-2.47414,-2.59414,-2.73414,-2.87414,-3.02414,-3.17414,-3.33414,-3.48414,-3.61414,-3.74414,-3.85414,-3.95414,-4.03414,-4.12414,-4.21414,-4.29414,-4.38414,-4.49414,-4.60414,-4.72414,-4.85414,-4.98414,-5.10414,-5.22414,-5.32414,-5.38414,-5.41414,-5.43414
0.785862,0.725862,0.655862,0.575862,0.515862,0.445862,0.375862,0.305862,0.245862,0.175862,0.115862,0.0458618,-0.0241382,-0.0941382,-0.164138,-0.254138,-0.334138,-0.424138,-0.514138,-0.604138,-0.704138,-0.804138,-0.914138,-1.03414,-1.15414,-1.28414,-1.42414,-1.56414,-1.71414,-1.86414,-2.01414,-2.14414,-2.25414,-2.35414,-2.44414,-2.51414,-2.58414,-2.65414,-2.74414,-2.85414,-2.98414,-3.15414,-3.35414,-3.57414,-3.81414,-4.05414,-4.28414,-4.49414,-4.68414,-4.78414,-4.76414,-4.68414,-4.50414,-4.29414,-4.16414,-4.06414,-4.00414,-3.98414,-3.98414,-3.98414,-3.96414,-3.96414
0.945862,0.875862,0.775862,0.695862,0.605862,0.535862,0.475862,0.425862,0.385862,0.335862,0.275862,0.195862,0.0958618,-0.0241382,-0.144138,-0.284138,-0.414138,-0.524138,-0.624138,-0.714138,-0.784138,-0.854138,-0.914138,-0.964138,-1.02414,-1.09414,-1.17414,-1.26414,-1.37414,-1.49414,-1.61414,-1.74414,-1.88414,-2.03414,-2.21414,-2.43414,-2.67414,-3.00414,-3.22414,-3.36414,-3.43414,-3.44414,-3.42414,-3.33414,-3.32414,-3.34414,-3.35414,-3.34414,-3.30414,-3.22414,-3.15414,-3.11414,-3.10414,-3.11414,-3.12414,-3.14414,-3.13414,-3.03414,-2.94414,-2.84414,-2.72414,-2.58414
0.965862,0.925862,0.875862,0.805862,0.725862,0.625862,0.505862,0.405862,0.285862,0.175862,0.0758618,-0.0241382,-0.124138,-0.224138,-0.324138,-0.414138,-0.494138,-0.574138,-0.644138,-0.714138,-0.784138,-0.874138,-0.984138,-1.11414,-1.22414,-1.28414,-1.31414,-1.29414,-1.26414,-1.22414,-1.20414,-1.21414,-1.27414,-1.37414,-1.50414,-1.65414,-1.81414,-1.96414,-2.08414,-2.17414,-2.22414,-2.25414,-2.26414,-2.25414,-2.27414,-2.30414,-2.35414,-2.42414,-2.53414,-2.65414,-2.78414,-2.92414,-2.95414,-3.05414,-3.17414,-3.24414,-3.30414,-3.32414,-3.34414,-3.35414,-3.37414,-3.40414
1.01586,0.945862,0.845862,0.755862,0.645862,0.545862,0.435862,0.325862,0.215862,0.115862,0.0258618,-0.0641382,-0.134138,-0.234138,-0.334138,-0.454138,-0.594138,-0.734138,-0.854138,-0.974138,-1.06414,-1.14414,-1.20414,-1.23414,-1.24414,-1.22414,-1.17414,-1.13414,-1.11414,-1.14414,-1.22414,-1.31414,-1.39414,-1.43414,-1.41414,-1.37414,-1.34414,-1.37414,-1.46414,-1.59414,-1.74414,-1.89414,-2.01414,-2.13414,-2.22414,-2.31414,-2.38414,-2.47414,-2.51414,-2.48414,-2.43414,-2.38414,-2.32414,-2.30414,-2.42414,-2.66414,-2.95414,-3.27414,-3.58414,-3.87414,-4.10414,-4.24414
0.945862,0.845862,0.735862,0.625862,0.505862,0.385862,0.275862,0.165862,0.0658618,-0.0341382,-0.0941382,-0.164138,-0.244138,-0.354138,-0.474138,-0.614138,-0.734138,-0.824138,-0.874138,-0.934138,-1.02414,-1.12414,-1.20414,-1.22414,-1.19414,-1.13414,-1.11414,-1.14414,-1.24414,-1.36414,-1.49414,-1.61414,-1.70414,-1.74414,-1.75414,-1.73414,-1.72414,-1.72414,-1.74414,-1.76414,-1.79414,-1.82414,-1.81414,-1.80414,-1.77414,-1.78414,-1.84414,-1.92414,-2.03414,-2.13414,-2.13414,-2.04414,-1.88414,-1.69414,-1.50414,-1.33414,-1.30414,-1.46414,-1.75414,-2.08414,-2.38414,-2.60414
0.625862,0.555862,0.475862,0.415862,0.385862,0.355862,0.285862,0.185862,0.0858618,-0.0241382,-0.194138,-0.404138,-0.574138,-0.674138,-0.714138,-0.754138,-0.814138,-0.904138,-0.974138,-1.01414,-1.05414,-1.11414,-1.22414,-1.35414,-1.50414,-1.64414,-1.76414,-1.83414,-1.86414,-1.86414,-1.85414,-1.88414,-1.94414,-2.04414,-2.14414,-2.24414,-2.33414,-2.40414,-2.45414,-2.50414,-2.57414,-2.66414,-2.70414,-2.73414,-2.74414,-2.75414,-2.78414,-2.82414,-2.84414,-2.87414,-2.81414,-2.76414,-2.71414,-2.68414,-2.70414,-2.67414,-2.60414,-2.45414,-2.26414,-2.08414,-1.97414,-1.90414
0.325862,0.325862,0.295862,0.235862,0.135862,0.0258618,-0.0841382,-0.204138,-0.354138,-0.504138,-0.624138,-0.714138,-0.744138,-0.774138,-0.784138,-0.784138,-0.794138,-0.824138,-0.924138,-1.05414,-1.19414,-1.32414,-1.45414,-1.56414,-1.61414,-1.66414,-1.75414,-1.88414,-2.01414,-2.11414,-2.21414,-2.29414,-2.37414,-2.45414,-2.54414,-2.63414,-2.70414,-2.78414,-2.83414,-2.87414,-2.90414,-2.92414,-2.94414,-2.95414,-3.01414,-3.08414,-3.19414,-3.32414,-3.40414,-3.48414,-3.53414,-3.63414,-3.67414,-3.70414,-3.69414,-3.69414,-3.67414,-3.67414,-3.66414,-3.61414,-3.58414,-3.53414
-0.0241382,-0.0341382,-0.0841382,-0.0941382,-0.0941382,-0.104138,-0.144138,-0.254138,-0.474138,-0.664138,-0.824138,-0.954138,-1.09414,-1.16414,-1.17414,-1.16414,-1.18414,-1.24414,-1.31414,-1.30414,-1.25414,-1.26414,-1.32414,-1.36414,-1.39414,-1.46414,-1.59414,-1.74414,-1.86414,-1.95414,-2.02414,-2.12414,-2.20414,-2.31414,-2.46414,-2.66414,-2.84414,-2.96414,-3.04414,-3.05414,-3.04414,-3.05414,-3.04414,-3.00414,-2.92414,-2.81414,-2.73414,-2.71414,-2.96414,-3.25414,-3.46414,-3.59414,-3.68414,-3.76414,-3.81414,-3.87414,-3.93414,-4.01414,-4.12414,-4.25414,-4.36414,-4.40414
-0.244138,-0.274138,-0.324138,-0.344138,-0.324138,-0.334138,-0.394138,-0.484138,-0.584138,-0.694138,-0.804138,-0.914138,-0.984138,-0.994138,-1.00414,-1.05414,-1.16414,-1.31414,-1.42414,-1.40414,-1.23414,-1.05414,-1.03414,-1.17414,-1.30414,-1.43414,-1.41414,-1.41414,-1.46414,-1.50414,-1.53414,-1.58414,-1.69414,-1.87414,-2.06414,-2.24414,-2.42414,-2.58414,-2.74414,-2.87414,-2.99414,-3.08414,-3.17414,-3.27414,-3.34414,-3.34414,-3.30414,-3.30414,-3.36414,-3.47414,-3.55414,-3.67414,-3.76414,-3.92414,-4.02414,-4.10414,-4.15414,-4.12414,-4.10414,-4.13414,-4.07414,-4.12414
0.575862,0.595862,0.585862,0.505862,0.365862,0.225862,0.165862,0.135862,0.0758618,-0.0141382,-0.0941382,-0.194138,-0.294138,-0.434138,-0.634138,-0.824138,-0.984138,-1.10414,-1.09414,-1.01414,-0.964138,-0.944138,-0.884138,-0.864138,-0.944138,-1.06414,-1.19414,-1.21414,-1.15414,-1.06414,-1.05414,-1.11414,-1.18414,-1.22414,-1.28414,-1.36414,-1.44414,-1.52414,-1.63414,-1.71414,-1.75414,-1.84414,-1.96414,-2.03414,-2.08414,-2.18414,-2.28414,-2.36414,-2.55414,-2.86414,-3.21414,-3.46414,-3.52414,-3.65414,-4.31414,-5.44414,-5.89414,-5.97414,-5.36414,-4.95414,-5.01414,-4.85414
1.12586,1.17586,1.23586,1.24586,1.21586,1.12586,0.995862,0.885862,0.835862,0.815862,0.745862,0.635862,0.565862,0.555862,0.505862,0.415862,0.155862,-0.374138,-0.704138,-0.594138,-0.474138,-0.694138,-0.884138,-0.874138,-0.864138,-0.934138,-0.944138,-0.854138,-1.01414,-1.08414,-0.884138,-0.734138,-0.724138,-0.784138,-0.774138,-0.704138,-0.634138,-0.594138,-0.554138,-0.524138,-0.554138,-0.644138,-0.724138,-0.764138,-0.784138,-0.874138,-1.03414,-1.16414,-1.18414,-1.01414,-0.704138,-0.654138,-1.17414,-1.83414,-2.15414,-1.91414,-1.73414,-1.34414,-1.47414,-2.39414,-3.76414,-3.98414
1.28586,1.29586,1.27586,1.25586,1.21586,1.12586,0.885862,0.705862,0.505862,0.395862,0.335862,0.335862,0.445862,0.595862,0.725862,0.895862,1.04586,1.01586,0.955862,0.955862,1.03586,1.32586,1.81586,2.02586,2.02586,2.14586,2.28586,2.32586,2.22586,2.07586,1.88586,1.75586,1.61586,1.59586,1.24586,1.05586,0.925862,0.835862,0.735862,0.695862,0.695862,0.645862,0.565862,0.435862,0.355862,0.315862,0.205862,0.0858618,0.0658618,0.155862,0.305862,0.555862,0.965862,1.31586,1.29586,1.11586,1.07586,0.635862,-0.394138,-1.31414,-2.01414,-2.58414
2.09586,2.16586,2.09586,2.33586,2.36586,2.23586,2.07586,1.85586,1.78586,1.87586,1.75586,1.81586,1.75586,1.62586,1.61586,1.53586,1.32586,1.09586,0.895862,0.675862,0.435862,0.265862,0.205862,0.245862,0.355862,0.575862,0.935862,1.17586,1.61586,2.28586,2.89586,3.67586,4.04586,4.07586,4.67586,5.08586,5.00586,4.68586,4.23586,3.22586,2.90586,2.71586,2.57586,2.51586,2.45586,2.35586,2.27586,2.20586,2.12586,2.07586,1.95586,1.94586,2.25586,1.22586,-0.0741382,-0.204138,0.235862,-0.204138,-0.644138,-0.134138,-0.0841382,-0.974138
1.67586,1.69586,1.73586,1.64586,1.45586,1.33586,1.27586,1.21586,1.04586,0.865862,0.775862,0.765862,0.685862,0.585862,0.475862,0.255862,-0.0141382,-0.314138,-0.664138,-1.05414,-1.50414,-1.72414,-1.76414,-1.69414,-1.58414,-1.44414,-1.18414,-0.814138,-0.414138,-0.0341382,0.295862,0.595862,0.945862,1.30586,1.14586,1.34586,1.62586,1.94586,2.33586,2.72586,2.85586,2.53586,2.71586,2.87586,2.88586,2.73586,2.53586,2.45586,2.46586,2.33586,2.47586,2.44586,2.04586,1.80586,1.52586,1.19586,0.545862,-0.494138,-1.11414,-1.32414,-1.20414,-0.804138
-0.904138,-0.754138,-0.614138,-0.664138,-0.644138,-0.474138,-0.334138,-0.184138,-0.104138,-0.114138,-0.0241382,-0.0641382,-0.134138,0.0358618,0.245862,0.0258618,0.0758618,0.515862,1.21586,2.07586,2.52586,2.45586,2.45586,2.66586,2.91586,3.12586,3.25586,3.03586,2.39586,1.33586,0.385862,-0.0641382,-0.224138,-0.204138,-0.0741382,0.0958618,0.265862,0.535862,0.855862,1.02586,1.03586,0.895862,0.945862,0.875862,0.705862,0.645862,0.595862,0.555862,0.655862,0.295862,0.135862,0.715862,0.565862,-0.854138,-0.644138,1.01586,1.56586,0.465862,-1.21414,-2.28414,-1.97414,-1.69414
-2.35414,-2.31414,-1.62414,-1.08414,-0.824138,-0.464138,-0.104138,-0.624138,-0.954138,-0.664138,-0.524138,-0.374138,-0.0941382,0.285862,0.845862,1.30586,1.93586,2.45586,1.72586,-0.954138,-1.32414,-0.194138,0.0958618,0.475862,0.685862,0.945862,1.60586,2.03586,2.25586,2.48586,2.53586,1.89586,0.775862,-0.184138,-0.694138,-1.07414,-1.22414,-1.06414,-1.04414,-1.09414,-0.994138,-0.664138,-0.314138,-0.0741382,-0.00413818,-0.194138,-0.314138,0.0658618,0.725862,1.82586,2.92586,3.46586,3.61586,2.44586,0.565862,0.455862,0.875862,1.12586,0.895862,0.965862,0.105862,-1.39414
-3.01414,-2.13414,-1.72414,-1.56414,-0.924138,-0.704138,-1.51414,-2.05414,-1.41414,-0.894138,-1.03414,-1.38414,-0.994138,-0.244138,0.295862,0.595862,0.705862,0.835862,1.24586,1.32586,0.895862,-1.03414,-2.61414,-2.49414,-2.36414,-2.16414,-1.47414,-0.794138,-0.194138,0.325862,0.755862,0.925862,1.01586,1.61586,1.69586,0.555862,-2.24414,-3.55414,-2.93414,-2.71414,-2.55414,-2.29414,-1.77414,-1.19414,-0.984138,-1.12414,-1.39414,-1.14414,-1.93414,-2.88414,-3.20414,-3.18414,-3.69414,-3.02414,-0.774138,0.705862,1.92586,2.46586,2.83586,1.83586,0.495862,-0.954138
0.865862,-0.704138,-0.844138,-0.384138,-0.594138,-0.864138,-0.414138,-0.314138,0.145862,0.535862,0.545862,0.385862,0.525862,0.115862,-0.994138,-1.75414,-1.99414,-1.63414,-1.26414,-1.56414,-1.90414,-1.64414,-1.41414,-1.73414,-1.84414,-0.804138,0.645862,1.56586,1.85586,1.59586,-0.0141382,-0.724138,-0.554138,-0.794138,-1.13414,-0.674138,0.335862,-0.274138,-1.63414,-2.29414,-2.35414,-1.97414,-1.03414,0.0658618,1.38586,3.17586,4.17586,4.66586,3.82586,3.74586,3.28586,3.76586,5.35586,5.29586,3.11586,-1.52414,-2.64414,-0.0941382,2.01586,4.39586,5.34586,5.26586
2.44586,2.91586,3.24586,3.71586,4.20586,4.24586,3.96586,3.58586,4.15586,3.59586,3.02586,2.83586,2.85586,3.45586,3.08586,2.28586,1.36586,2.38586,2.37586,1.05586,-0.0441382,-1.05414,-1.03414,0.415862,0.305862,0.845862,0.925862,1.17586,1.21586,2.11586,1.89586,1.70586,1.54586,1.42586,1.46586,0.965862,-0.0841382,-1.24414,-0.944138,-1.16414,-2.11414,-1.25414,0.0958618,0.635862,1.07586,1.26586,2.19586,2.80586,2.25586,1.75586,1.43586,2.03586,2.99586,4.10586,5.64586,4.34586,1.66586,-0.604138,-1.01414,-1.73414,-1.66414,0.115862
-0.714138,0.145862,1.21586,2.58586,2.55586,2.05586,2.55586,3.15586,3.52586,4.76586,6.21586,6.37586,6.03586,4.78586,5.31586,5.42586,3.48586,2.02586,2.20586,1.64586,1.17586,1.01586,0.625862,0.455862,1.20586,1.86586,1.94586,2.80586,3.40586,4.14586,4.25586,4.82586,4.74586,6.45586,8.60586,7.84586,4.14586,5.76586,12.2559,6.03586,1.93586,-0.104138,-1.20414,1.00586,2.60586,3.72586,2.86586,3.16586,3.15586,3.19586,2.67586,2.81586,2.84586,2.55586,3.22586,3.45586,3.23586,4.23586,2.72586,2.93586,3.31586,2.59586
-0.424138,-0.474138,-0.444138,-1.61414,-1.24414,0.105862,-0.584138,-0.294138,0.365862,0.605862,0.335862,1.06586,2.30586,2.57586,2.78586,2.58586,2.43586,2.74586,1.86586,1.23586,2.29586,3.38586,4.07586,4.71586,2.77586,3.41586,4.80586,6.00586,5.11586,3.80586,3.33586,2.83586,2.48586,4.00586,10.2159,6.48586,5.03586,5.56586,7.43586,6.77586,5.69586,8.09586,8.60586,7.75586,5.34586,3.25586,2.13586,1.73586,2.97586,4.60586,5.35586,4.36586,3.36586,4.35586,5.16586,5.50586,3.66586,3.12586,4.89586,5.56586,5.27586,5.97586
-1.47414,-1.40414,-0.814138,-2.58414,-2.81414,-2.33414,-0.804138,-1.98414,-1.61414,-0.684138,-0.374138,-0.344138,-0.634138,-0.304138,0.895862,1.51586,1.31586,1.70586,1.47586,1.79586,2.61586,3.22586,2.57586,1.57586,1.46586,1.51586,2.03586,1.93586,2.97586,5.23586,4.19586,2.54586,1.11586,0.185862,3.51586,2.86586,2.50586,2.14586,3.13586,1.98586,1.97586,1.63586,2.22586,1.69586,1.10586,0.805862,0.875862,0.265862,0.135862,0.895862,2.05586,2.83586,2.42586,1.90586,1.73586,2.69586,2.19586,3.15586,3.01586,4.30586,5.63586,5.31586
-8.29414,-6.71414,-4.63414,-3.65414,-2.09414,-0.344138,1.79586,4.08586,5.25586,5.49586,5.71586,5.74586,5.76586,5.16586,1.65586,1.53586,2.10586,2.94586,3.02586,3.26586,1.81586,1.57586,1.81586,0.0558618,0.135862,0.0958618,1.93586,0.865862,0.185862,1.14586,2.50586,3.51586,1.11586,1.29586,0.345862,-0.634138,-0.524138,1.57586,0.765862,2.10586,1.08586,1.26586,2.15586,2.41586,2.50586,2.59586,1.58586,2.91586,0.965862,-0.744138,-1.94414,-0.0641382,1.32586,2.30586,2.71586,2.66586,2.10586,1.46586,2.95586,3.41586,3.76586,5.40586
4.94586,4.78586,3.92586,3.04586,2.48586,2.05586,2.15586,3.00586,4.10586,5.01586,4.32586,4.62586,3.85586,1.83586,1.78586,3.01586,3.57586,2.35586,1.20586,1.72586,2.82586,1.83586,-1.75414,2.47586,1.75586,4.08586,0.875862,-1.99414,-2.21414,2.49586,4.71586,4.29586,0.215862,1.03586,0.835862,0.0558618,-0.244138,0.0358618,0.835862,1.10586,1.53586,1.69586,1.47586,0.965862,2.30586,2.36586,2.33586,2.98586,4.03586,2.14586,0.575862,-0.304138,1.12586,2.42586,2.74586,2.51586,2.34586,1.94586,1.45586,2.52586,3.78586,4.14586
