wind000.json
{"header": {"parameterUnit":"m.s-1","parameterNumber":2,"parameterCategory":2,"parameterNumberName":"U-component_of_wind","dx":1,"dy":1,"la1":90,"la2":-90,"lo1":0,"lo2":359,"nx":360,"ny":181,"refTime":"2018-08-05T08:00:00.000Z\n"}, "data":
[rows 84 to 111 of 181, columns 248 to 309 of 360]
-3.38157,-2.83157,-2.43157,-2.04157,-1.96157,-1.70157,-1.33157,-0.811572,-0.0815723,-0.121572,-0.571572,-0.731572,-0.761572,-0.521572,-0.101572,0.168428,-0.0415723,0.508428,1.23843,1.81843,1.91843,2.33843,1.58843,1.97843,2.71843,2.68843,3.61843,2.74843,2.67843,3.48843,2.77843,2.71843,3.51843,3.28843,2.51843,0.118428,0.788428,1.23843,-1.26157,-1.70157,1.26843,-0.00157227,-1.57157,-2.56157,-0.691572,-0.461572,0.248428,1.06843,0.0484277,0.268428,-0.401572,-0.101572,-0.0415723,-0.191572,-0.621572,-5.49157,-6.01157,-4.08157,-4.70157,-3.98157,-4.29157,-4.36157
-4.71157,-4.51157,-3.78157,-3.15157,-3.29157,-3.29157,-2.82157,-2.56157,-1.75157,-1.33157,-1.38157,-1.95157,-2.16157,-2.00157,-2.00157,-0.731572,-0.331572,0.308428,1.81843,3.00843,-0.131572,-0.821572,-0.591572,0.728428,1.66843,2.02843,3.09843,3.17843,3.35843,2.87843,3.59843,3.11843,3.31843,3.20843,2.49843,-0.691572,1.13843,1.17843,-2.41157,0.718428,0.0384277,-0.801572,-2.39157,-1.62157,-0.661572,-0.221572,-0.641572,0.698428,-0.431572,-0.841572,-0.961572,0.148428,-1.14157,0.918428,-0.161572,-1.69157,-1.27157,-2.35157,-0.771572,-0.251572,-3.88157,-4.52157
-5.93157,-5.51157,-4.98157,-4.48157,-4.58157,-4.52157,-4.18157,-4.27157,-3.42157,-3.22157,-2.86157,-3.40157,-3.75157,-3.13157,-2.38157,-0.731572,0.258428,1.02843,0.868428,-0.731572,-0.931572,-1.21157,-1.01157,0.328428,0.938428,1.49843,2.34843,2.94843,2.87843,2.86843,2.75843,3.93843,3.39843,2.60843,1.85843,-1.31157,-1.56157,0.318428,0.978428,1.75843,-0.971572,-0.0215723,-0.481572,-0.0115723,0.0484277,-0.681572,-0.361572,-0.0815723,0.628428,0.308428,0.00842773,0.618428,0.0684277,0.0484277,-0.361572,-1.31157,-0.461572,-0.891572,-0.891572,-0.541572,-0.0315723,-3.56157
-6.66157,-6.31157,-5.94157,-5.60157,-5.32157,-5.36157,-5.60157,-5.56157,-5.21157,-4.83157,-4.68157,-4.88157,-4.66157,-4.33157,-2.96157,-1.50157,-0.721572,-1.23157,-0.911572,-1.87157,-1.93157,-0.941572,-0.421572,0.598428,1.08843,1.26843,1.66843,2.06843,2.22843,3.55843,3.61843,3.57843,3.69843,2.57843,1.92843,0.638428,-1.37157,-1.89157,-1.66157,1.31843,-0.151572,0.188428,0.198428,0.0984277,-0.101572,-0.871572,-0.0915723,-0.521572,-0.201572,0.678428,0.758428,1.18843,-1.64157,0.178428,-0.0915723,-0.991572,-0.451572,-0.971572,-0.581572,-0.851572,-0.171572,-0.661572
-7.24157,-6.89157,-6.71157,-6.36157,-6.00157,-6.06157,-6.30157,-6.22157,-6.30157,-6.24157,-5.94157,-5.92157,-5.52157,-5.56157,-5.16157,-3.16157,-2.49157,-2.28157,-1.28157,-3.48157,-2.18157,-1.60157,-0.781572,-0.0915723,0.948428,1.13843,0.968428,0.958428,1.78843,2.45843,2.87843,3.33843,4.43843,3.07843,-0.271572,-1.21157,1.65843,0.0584277,0.0984277,0.208428,0.0184277,0.568428,0.408428,-0.301572,-0.571572,-0.121572,-0.901572,-0.811572,-0.551572,0.138428,0.398428,0.128428,-0.441572,0.278428,-0.141572,-0.711572,-2.06157,-0.771572,-0.601572,-0.911572,-0.491572,0.238428
-7.81157,-7.16157,-6.91157,-6.44157,-5.70157,-5.77157,-6.23157,-5.73157,-5.82157,-7.15157,-6.83157,-6.71157,-6.22157,-6.11157,-6.29157,-4.66157,-3.64157,-2.83157,-2.04157,0.0684277,1.64843,-2.75157,-1.67157,-1.02157,0.118428,0.398428,0.198428,0.788428,1.17843,2.26843,2.77843,3.43843,3.94843,1.14843,-1.34157,0.978428,0.308428,0.0484277,-0.371572,-0.641572,0.198428,0.438428,0.268428,-0.291572,-0.451572,-0.831572,-1.37157,-0.381572,0.0184277,0.308428,0.388428,0.278428,0.108428,-0.521572,-0.471572,-0.511572,-1.26157,-0.781572,-0.971572,-1.08157,-0.571572,-0.781572
-7.21157,-6.15157,-5.79157,-5.57157,-5.29157,-4.91157,-5.31157,-5.30157,-5.67157,-6.31157,-6.56157,-5.57157,-6.16157,-6.26157,-5.97157,-5.44157,-4.13157,-2.51157,-1.49157,-0.601572,0.118428,-2.66157,-1.74157,-2.02157,-1.07157,-0.101572,0.258428,0.528428,1.54843,2.12843,2.61843,3.66843,2.27843,1.07843,-0.991572,0.498428,-0.251572,-0.191572,-0.321572,-0.201572,0.388428,0.458428,-0.111572,-0.391572,-1.30157,-1.09157,-0.931572,-0.241572,-0.0115723,0.0184277,0.0584277,-0.0315723,-0.0715723,-0.0215723,0.0884277,-0.0615723,-1.16157,-1.44157,-0.871572,-0.771572,-0.751572,-3.22157
-6.11157,-6.24157,-6.21157,-6.17157,-5.81157,-6.22157,-5.53157,-6.02157,-6.54157,-6.42157,-6.35157,-6.43157,-6.26157,-6.38157,-6.21157,-5.74157,-4.84157,-3.77157,-2.89157,-3.00157,-4.94157,-2.79157,-2.97157,-2.06157,-1.90157,-1.02157,-0.361572,-0.0415723,0.698428,1.56843,2.28843,3.11843,1.14843,-1.63157,1.54843,0.478428,-0.221572,-0.481572,-0.161572,0.0984277,0.938428,0.738428,-0.421572,-0.901572,-1.07157,-1.02157,-0.491572,-0.261572,-0.131572,-0.261572,-0.281572,0.328428,0.708428,-0.691572,-0.711572,-0.671572,-0.931572,-1.08157,-1.30157,-1.07157,-0.591572,-1.13157
-6.60157,-6.41157,-6.76157,-6.69157,-7.13157,-7.04157,-7.01157,-6.88157,-6.97157,-6.49157,-6.56157,-6.72157,-6.96157,-7.07157,-6.52157,-5.97157,-5.21157,-4.54157,-4.57157,-4.48157,-4.83157,-4.62157,-4.01157,-3.24157,-2.52157,-1.88157,-1.24157,-0.761572,-0.361572,0.558428,1.59843,2.75843,1.27843,-0.731572,1.39843,0.698428,-0.181572,-0.271572,-0.421572,0.308428,0.578428,0.648428,0.258428,-0.711572,-0.811572,-0.741572,-0.601572,-0.0615723,-0.461572,-0.501572,-0.191572,-0.181572,-0.141572,-0.691572,-0.661572,-0.931572,-1.43157,-1.27157,-2.80157,-1.16157,-0.921572,-0.901572
-7.08157,-7.21157,-7.58157,-7.44157,-7.84157,-7.92157,-7.68157,-7.15157,-7.02157,-7.02157,-7.06157,-7.41157,-7.19157,-7.40157,-7.10157,-6.62157,-5.85157,-5.20157,-5.48157,-5.38157,-5.56157,-5.29157,-4.67157,-4.03157,-3.24157,-2.70157,-2.15157,-1.60157,-1.50157,-0.941572,0.928428,4.66843,1.99843,-1.37157,0.918428,0.448428,0.0584277,-0.191572,-0.121572,0.158428,0.598428,0.488428,0.598428,-0.811572,-0.711572,-0.621572,-0.231572,-0.291572,-0.501572,-0.511572,-0.511572,0.0584277,-0.0615723,-0.431572,-0.611572,-0.761572,-0.601572,-0.941572,-1.19157,-1.20157,-0.821572,-0.851572
-7.36157,-7.72157,-7.59157,-8.06157,-8.34157,-8.37157,-8.09157,-7.95157,-7.54157,-7.54157,-7.32157,-7.58157,-7.85157,-7.58157,-7.59157,-7.17157,-6.88157,-6.62157,-6.50157,-6.26157,-6.09157,-5.70157,-5.31157,-4.70157,-4.05157,-3.40157,-3.08157,-2.66157,-2.45157,-2.57157,-1.72157,0.198428,-0.951572,0.958428,1.15843,0.228428,0.0284277,0.688428,0.138428,0.398428,0.288428,0.378428,0.498428,-0.571572,-0.541572,-0.671572,-0.481572,-0.151572,-0.491572,-0.601572,-0.571572,-0.221572,-0.161572,-0.381572,-0.601572,-0.771572,-0.651572,-0.461572,-0.691572,-1.08157,-0.741572,-0.991572
-7.84157,-7.81157,-7.93157,-7.97157,-8.33157,-8.49157,-8.43157,-8.42157,-8.19157,-7.86157,-7.83157,-8.03157,-8.13157,-8.21157,-8.11157,-7.95157,-7.63157,-7.42157,-7.25157,-6.92157,-6.66157,-6.45157,-5.98157,-5.44157,-4.99157,-4.45157,-3.78157,-3.56157,-3.52157,-3.43157,-3.61157,-2.22157,-0.981572,1.29843,-0.221572,0.498428,0.318428,0.728428,0.288428,-0.151572,0.198428,0.258428,0.428428,-0.00157227,-0.181572,-0.461572,-0.241572,-0.521572,-0.641572,-0.471572,-0.341572,-0.301572,-0.351572,-0.531572,-0.631572,-0.621572,-0.561572,-0.531572,-0.421572,-0.361572,-1.25157,-0.971572
-7.92157,-7.90157,-8.04157,-7.95157,-8.09157,-8.24157,-8.23157,-8.50157,-8.65157,-8.88157,-8.59157,-8.50157,-8.44157,-8.29157,-8.46157,-8.38157,-8.23157,-8.10157,-7.92157,-7.56157,-7.22157,-6.99157,-6.86157,-6.42157,-5.98157,-5.46157,-4.98157,-4.59157,-4.25157,-4.25157,-3.57157,-2.56157,1.79843,-0.221572,-0.341572,0.588428,0.698428,0.758428,0.168428,-0.171572,-0.571572,0.0184277,0.468428,0.738428,0.338428,-0.111572,-0.301572,-0.411572,-0.581572,-0.641572,-0.271572,-0.521572,-0.541572,0.238428,-0.351572,-0.271572,-0.471572,-0.721572,-0.781572,-0.511572,-1.26157,-0.361572
-7.91157,-7.71157,-7.88157,-7.96157,-8.10157,-8.05157,-8.13157,-8.48157,-8.75157,-9.14157,-9.05157,-8.70157,-8.54157,-8.48157,-8.31157,-8.44157,-8.44157,-8.44157,-8.49157,-8.27157,-7.93157,-7.68157,-7.43157,-7.16157,-6.84157,-6.46157,-6.17157,-5.69157,-5.22157,-4.60157,-3.71157,-2.50157,-2.62157,-1.87157,0.0484277,0.568428,0.308428,0.148428,-0.0815723,-0.891572,-0.0515723,-0.0415723,0.668428,0.768428,-0.531572,-0.251572,0.608428,-1.03157,-0.591572,-0.641572,-0.311572,-0.0115723,0.368428,0.418428,-0.431572,-0.0515723,-0.931572,-0.0315723,-0.211572,-0.581572,-0.751572,-0.481572
-8.05157,-8.01157,-7.84157,-7.85157,-8.03157,-7.96157,-8.28157,-8.50157,-8.95157,-9.23157,-9.12157,-8.94157,-8.86157,-8.65157,-8.44157,-8.43157,-8.49157,-8.63157,-8.65157,-8.73157,-8.53157,-8.30157,-7.96157,-7.61157,-7.33157,-7.12157,-7.01157,-6.54157,-5.97157,-4.82157,-3.98157,-3.21157,-2.85157,-0.101572,-2.82157,0.748428,0.688428,0.528428,-0.761572,-0.871572,-0.631572,0.348428,0.558428,1.13843,-0.901572,-0.00157227,0.798428,-0.841572,-0.421572,-0.361572,-0.161572,0.428428,0.308428,0.538428,0.528428,-0.411572,-0.461572,0.148428,-0.701572,-0.461572,-0.361572,-0.811572
-8.49157,-8.40157,-8.20157,-8.05157,-8.23157,-8.38157,-8.38157,-8.61157,-9.01157,-9.32157,-9.19157,-9.13157,-9.06157,-9.03157,-8.80157,-8.72157,-8.67157,-8.72157,-8.92157,-9.09157,-9.07157,-8.85157,-8.48157,-8.02157,-7.77157,-7.51157,-7.37157,-7.14157,-6.62157,-5.71157,-4.85157,-3.49157,-3.49157,-3.20157,-0.821572,-1.38157,-0.141572,-0.171572,-0.421572,-0.811572,-0.461572,0.0184277,0.668428,0.978428,0.698428,0.448428,0.968428,-0.571572,-0.351572,-0.0915723,-0.151572,0.508428,0.338428,0.608428,0.488428,0.448428,-0.611572,-0.621572,-0.601572,-0.981572,-0.991572,-0.391572
-9.38157,-9.30157,-9.09157,-9.07157,-9.11157,-9.12157,-8.96157,-8.88157,-9.20157,-9.47157,-9.49157,-9.49157,-9.33157,-9.37157,-9.36157,-9.31157,-9.21157,-9.12157,-9.29157,-9.32157,-9.36157,-9.25157,-8.92157,-8.48157,-8.06157,-7.81157,-7.63157,-7.32157,-6.93157,-6.37157,-5.28157,-4.61157,-4.00157,-3.68157,0.518428,-2.07157,-1.39157,0.338428,0.458428,-0.431572,0.00842773,0.228428,0.428428,0.978428,0.788428,0.878428,0.138428,-1.18157,0.788428,-0.241572,-0.241572,0.828428,0.508428,0.248428,-0.0415723,0.648428,-0.461572,-1.10157,-1.01157,-0.301572,-0.441572,-0.111572
-10.2416,-10.1516,-10.1316,-10.3616,-10.2016,-9.94157,-9.62157,-9.52157,-9.57157,-9.72157,-9.91157,-9.90157,-9.80157,-9.95157,-9.71157,-9.62157,-9.66157,-9.64157,-9.52157,-9.57157,-9.57157,-9.55157,-9.19157,-8.83157,-8.57157,-8.29157,-7.71157,-7.53157,-7.09157,-6.66157,-5.69157,-5.26157,-4.52157,-4.05157,-2.66157,-1.95157,0.978428,0.208428,0.898428,0.288428,-0.0115723,0.528428,0.548428,0.678428,0.168428,0.738428,-0.361572,-0.401572,-0.00157227,-0.00157227,0.438428,-0.561572,0.888428,0.458428,-0.661572,-0.301572,-0.251572,-0.971572,-0.871572,-0.841572,-0.961572,-0.741572
-10.5116,-10.6216,-10.7216,-10.8216,-10.8316,-10.5416,-10.2016,-9.99157,-10.1316,-10.2516,-10.4216,-10.2316,-10.1916,-10.0216,-10.0016,-10.0316,-10.0616,-10.0116,-9.83157,-9.78157,-9.80157,-9.74157,-9.46157,-9.17157,-8.85157,-8.56157,-8.23157,-7.58157,-7.39157,-6.83157,-5.97157,-5.68157,-4.59157,-4.60157,-2.89157,0.108428,0.398428,1.17843,0.258428,0.318428,0.968428,0.418428,0.708428,-0.0815723,-0.981572,-0.841572,-0.981572,-0.221572,-0.881572,0.418428,-0.761572,-0.0715723,-0.0615723,-0.321572,-0.371572,-0.241572,-0.0115723,-1.02157,-0.651572,-0.771572,-0.711572,0.148428
-10.3316,-10.6416,-10.8616,-10.8516,-10.9116,-10.7816,-10.5416,-10.3416,-10.3116,-10.4916,-10.5116,-10.3016,-10.2016,-10.1616,-10.1416,-10.1316,-10.1116,-10.0816,-10.1116,-9.85157,-9.86157,-9.82157,-9.61157,-9.36157,-8.97157,-8.74157,-8.41157,-8.23157,-7.55157,-7.36157,-6.61157,-5.99157,-5.44157,-4.80157,-4.28157,-2.26157,-0.311572,1.34843,1.62843,0.278428,2.09843,0.548428,0.368428,-0.891572,-2.46157,-1.69157,-2.33157,-0.981572,-1.47157,-0.791572,-1.44157,-1.18157,-0.451572,-1.33157,-1.38157,-0.621572,1.13843,-0.501572,-0.371572,-0.741572,-0.251572,1.05843
-10.1016,-10.4116,-10.5816,-10.5916,-10.6616,-10.6016,-10.4716,-10.3816,-10.4216,-10.5116,-10.5016,-10.1916,-10.1116,-10.0216,-10.1016,-10.1316,-10.1716,-10.0316,-10.1916,-9.87157,-9.76157,-9.67157,-9.52157,-9.49157,-9.13157,-8.87157,-8.60157,-8.43157,-8.34157,-7.51157,-7.48157,-6.37157,-6.07157,-5.35157,-5.36157,-5.06157,-0.311572,-1.07157,0.178428,-0.701572,0.418428,1.67843,2.65843,0.818428,-1.65157,-1.83157,-2.82157,-1.82157,-1.14157,-1.38157,-0.421572,-0.711572,-0.621572,-1.99157,-2.33157,0.338428,0.298428,0.448428,-0.691572,-0.171572,1.48843,-0.811572
-9.74157,-9.90157,-10.0716,-10.2016,-10.2716,-10.3116,-10.2616,-10.1916,-10.1816,-10.3416,-10.1816,-10.0016,-10.0516,-9.93157,-10.0316,-10.0416,-9.99157,-9.95157,-9.91157,-9.62157,-9.52157,-9.44157,-9.35157,-9.28157,-9.21157,-8.80157,-8.60157,-8.54157,-8.62157,-8.53157,-7.99157,-7.68157,-6.65157,-6.45157,-5.61157,-5.83157,-6.55157,-0.391572,-0.761572,1.52843,4.78843,3.75843,0.968428,2.80843,-1.06157,0.458428,-1.82157,-0.681572,-1.05157,-1.42157,-0.791572,-1.07157,0.238428,-1.18157,1.42843,0.388428,0.868428,-1.35157,1.65843,1.27843,1.86843,-0.0615723
-9.27157,-9.36157,-9.54157,-9.88157,-9.97157,-9.89157,-9.95157,-9.89157,-9.78157,-9.78157,-9.83157,-9.75157,-9.76157,-9.75157,-9.75157,-9.72157,-9.73157,-9.74157,-9.64157,-9.44157,-9.32157,-9.30157,-9.17157,-8.99157,-9.00157,-8.58157,-8.41157,-8.20157,-8.34157,-8.44157,-8.34157,-8.23157,-7.53157,-6.69157,-6.17157,-6.03157,-6.43157,-6.87157,-3.90157,-0.361572,-0.00157227,1.33843,1.72843,-1.55157,-0.351572,-0.581572,0.438428,-0.931572,-1.37157,-1.22157,-1.51157,-0.661572,-0.0515723,0.788428,1.09843,0.128428,1.03843,0.798428,0.838428,1.87843,1.52843,0.158428
-8.66157,-8.94157,-9.11157,-9.33157,-9.51157,-9.56157,-9.53157,-9.55157,-9.41157,-9.29157,-9.32157,-9.37157,-9.54157,-9.47157,-9.44157,-9.48157,-9.42157,-9.35157,-9.28157,-9.21157,-9.03157,-9.05157,-8.93157,-8.65157,-8.61157,-8.43157,-8.17157,-8.35157,-8.37157,-8.28157,-8.24157,-8.11157,-7.87157,-7.33157,-6.37157,-5.79157,-5.71157,-5.86157,-5.49157,-5.21157,-2.46157,-0.591572,3.70843,2.00843,0.208428,-1.23157,0.748428,-0.361572,-1.64157,-2.06157,-1.19157,0.208428,0.698428,0.668428,0.328428,0.428428,0.988428,1.00843,-1.13157,1.02843,0.268428,1.02843
-7.68157,-8.12157,-8.55157,-8.97157,-9.16157,-8.96157,-9.23157,-9.19157,-9.03157,-8.94157,-9.07157,-8.80157,-9.21157,-9.05157,-8.99157,-8.98157,-8.93157,-8.90157,-8.84157,-8.63157,-8.90157,-8.67157,-8.58157,-8.35157,-8.35157,-8.24157,-8.01157,-8.16157,-8.26157,-8.37157,-8.23157,-8.11157,-7.76157,-7.23157,-6.81157,-5.94157,-5.03157,-4.49157,-4.35157,-4.05157,-3.17157,-3.20157,-0.181572,7.88843,3.75843,5.06843,-2.03157,-0.781572,1.19843,-1.29157,-0.581572,-0.191572,-0.141572,0.918428,0.878428,1.79843,2.11843,0.668428,0.108428,-2.16157,-1.15157,-0.391572
-6.83157,-7.22157,-7.56157,-7.95157,-8.26157,-8.54157,-8.37157,-8.64157,-8.43157,-8.73157,-8.54157,-8.29157,-8.35157,-8.32157,-8.43157,-8.52157,-8.53157,-8.53157,-8.51157,-8.40157,-8.70157,-8.40157,-8.23157,-8.12157,-8.07157,-7.82157,-7.88157,-7.76157,-7.95157,-8.15157,-8.43157,-8.18157,-7.84157,-7.24157,-6.64157,-5.99157,-4.93157,-3.48157,-3.09157,-2.95157,-2.02157,-0.501572,0.538428,5.09843,2.23843,-2.43157,1.04843,-1.27157,1.05843,0.188428,-0.0215723,0.0884277,-0.171572,0.718428,2.11843,2.92843,2.38843,0.168428,-1.50157,-1.79157,-0.551572,-1.10157
-6.30157,-6.50157,-6.30157,-6.73157,-7.27157,-7.58157,-7.71157,-8.02157,-8.04157,-8.21157,-7.68157,-7.65157,-7.43157,-7.70157,-7.99157,-8.23157,-8.35157,-8.34157,-8.19157,-8.15157,-8.31157,-8.01157,-7.86157,-7.73157,-7.62157,-7.39157,-7.40157,-7.47157,-7.57157,-7.85157,-8.16157,-8.12157,-7.82157,-7.25157,-6.44157,-5.42157,-4.38157,-3.40157,-2.34157,-2.15157,-2.01157,-0.421572,-0.521572,2.24843,0.978428,0.818428,0.898428,-0.711572,0.578428,2.23843,1.33843,1.28843,0.808428,0.968428,1.89843,2.62843,1.57843,0.468428,-1.26157,0.108428,-1.18157,-0.991572
-5.56157,-5.53157,-5.47157,-5.91157,-6.18157,-6.46157,-6.68157,-7.03157,-7.36157,-7.45157,-7.29157,-7.25157,-7.23157,-7.57157,-7.76157,-7.86157,-7.90157,-7.80157,-7.73157,-7.73157,-7.42157,-7.25157,-7.27157,-7.11157,-6.95157,-6.96157,-7.02157,-7.18157,-7.28157,-7.47157,-7.53157,-7.46157,-7.38157,-7.09157,-5.98157,-4.82157,-4.17157,-3.16157,-2.49157,-1.78157,-1.77157,-0.981572,-1.81157,0.538428,1.96843,4.48843,2.35843,-1.38157,0.658428,1.31843,1.09843,1.84843,1.85843,1.78843,2.02843,1.50843,2.41843,-0.741572,0.118428,0.438428,-0.611572,-1.88157
