wind000.json
{"header": {"parameterUnit":"m.s-1","parameterNumber":3,"parameterCategory":2,"parameterNumberName":"V-component_of_wind","dx":1,"dy":1,"la1":90,"la2":-90,"lo1":0,"lo2":359,"nx":360,"ny":181,"refTime":"2018-08-05T08:00:00.000Z\n"}, "data":
[rows 58 to 86 of 181, columns 65 to 129 of 360]
-0.492991,1.73701,1.63701,-2.42299,-2.18299,-0.352991,3.72701,4.17701,2.45701,1.42701,2.01701,3.92701,1.95701,2.26701,2.27701,-0.502991,-2.91299,-4.46299,-0.562991,0.457009,-0.342991,0.417009,0.997009,0.527009,0.507009,0.317009,0.437009,-0.572991,-1.95299,-0.552991,-1.10299,-1.71299,-1.02299,-0.832991,-1.30299,-2.17299,-2.24299,-2.65299,0.157009,1.34701,2.61701,1.80701,2.94701,0.517009,-1.00299,-1.93299,-1.09299,0.0770093,0.557009,2.40701,2.64701,-0.482991,0.757009,2.13701,1.27701,0.907009,1.87701,5.09701,4.13701,4.19701,3.16701,1.28701,-0.422991,-1.86299,-2.14299
2.75701,3.75701,0.767009,-1.92299,-3.39299,-0.372991,5.41701,5.06701,4.04701,2.88701,1.32701,2.24701,-0.00299072,1.61701,1.58701,-0.0629907,1.73701,-0.202991,2.71701,-1.18299,0.487009,-0.192991,-1.39299,-1.02299,-0.782991,1.79701,1.21701,-0.672991,0.307009,0.867009,1.19701,-0.132991,-0.482991,1.13701,-1.03299,-0.102991,-1.15299,0.567009,2.25701,2.20701,1.91701,0.847009,-0.0729907,0.697009,0.497009,-0.662991,1.75701,2.62701,2.24701,1.59701,1.97701,1.62701,3.48701,0.237009,-1.20299,-0.0929907,3.07701,4.65701,4.53701,5.18701,4.28701,2.44701,0.377009,-1.39299,-2.59299
1.33701,0.487009,-1.30299,2.77701,0.367009,0.577009,6.17701,5.83701,5.22701,4.18701,2.57701,1.61701,2.62701,4.74701,1.47701,1.38701,2.46701,3.44701,1.63701,2.48701,1.12701,0.787009,0.947009,2.37701,2.83701,3.01701,2.56701,1.82701,1.57701,1.85701,1.07701,2.10701,1.63701,1.27701,0.797009,0.607009,-0.562991,0.817009,0.127009,1.06701,1.10701,0.217009,-1.11299,-1.15299,1.13701,0.827009,1.29701,1.56701,1.19701,0.737009,0.307009,1.80701,1.29701,1.57701,0.907009,1.14701,-1.41299,4.97701,4.94701,5.53701,4.65701,2.54701,0.477009,-1.19299,-2.33299
-1.17299,0.537009,-0.572991,1.94701,1.97701,5.96701,6.80701,6.63701,5.77701,4.91701,3.50701,1.65701,0.607009,3.90701,1.39701,-0.492991,1.71701,0.927009,2.04701,2.96701,2.97701,0.387009,0.697009,0.907009,1.00701,0.607009,-0.602991,0.837009,2.92701,1.65701,-1.08299,-0.582991,3.53701,1.49701,1.18701,0.987009,1.71701,-1.08299,-1.39299,-0.642991,-0.362991,-1.48299,-1.28299,0.947009,1.02701,1.14701,0.867009,-0.352991,1.85701,0.217009,0.857009,2.92701,1.86701,0.877009,1.68701,0.827009,1.94701,5.37701,5.76701,5.55701,4.46701,2.07701,-0.132991,-1.52299,-1.69299
1.44701,-3.49299,0.387009,-1.29299,3.41701,6.89701,6.41701,5.82701,5.44701,4.25701,2.95701,0.847009,0.167009,1.75701,0.517009,-0.792991,0.727009,2.47701,1.06701,0.907009,1.98701,3.23701,2.62701,0.617009,4.49701,4.26701,3.98701,3.84701,0.547009,0.947009,-0.182991,0.847009,0.987009,2.57701,2.50701,2.05701,1.90701,0.357009,-0.0329907,-1.00299,-2.24299,-0.302991,0.907009,1.39701,1.74701,1.93701,0.357009,1.59701,1.87701,1.49701,2.72701,2.54701,2.41701,1.66701,1.66701,1.70701,4.61701,4.63701,4.94701,4.99701,3.66701,1.22701,-1.14299,-0.242991,-2.19299
-3.18299,-0.512991,-0.942991,1.65701,5.01701,8.66701,7.37701,6.41701,5.78701,3.89701,1.41701,0.407009,-0.112991,-0.782991,-0.202991,1.65701,-0.222991,-0.572991,0.877009,0.567009,1.77701,1.93701,-0.00299072,0.867009,1.95701,1.77701,1.49701,1.56701,1.48701,-1.07299,-2.37299,1.00701,0.927009,0.367009,0.717009,1.78701,1.32701,0.0870093,-1.30299,-3.54299,-2.41299,-1.44299,0.357009,1.55701,1.72701,1.23701,1.38701,0.847009,2.11701,0.367009,2.60701,2.19701,2.12701,1.23701,0.347009,2.19701,1.70701,3.95701,4.94701,4.48701,2.97701,0.937009,-0.372991,-2.97299,-2.69299
3.24701,-0.202991,1.18701,1.32701,8.23701,8.98701,6.75701,6.35701,4.12701,2.57701,0.687009,1.32701,1.24701,-0.922991,-0.922991,-0.672991,-1.26299,-2.06299,-0.682991,-0.802991,3.05701,1.69701,0.207009,0.327009,1.39701,0.577009,-0.792991,-0.942991,0.477009,-2.09299,0.287009,0.0570093,-0.472991,-0.0329907,1.86701,0.247009,0.197009,1.40701,0.187009,-0.982991,0.667009,2.10701,2.62701,2.56701,1.09701,1.65701,2.07701,1.82701,1.76701,1.00701,3.34701,2.54701,0.107009,-0.722991,0.887009,0.877009,0.0770093,2.73701,4.72701,3.90701,1.73701,0.157009,-2.38299,-1.17299,-2.91299
3.23701,2.75701,2.16701,5.24701,5.81701,5.99701,5.07701,5.35701,3.24701,1.78701,2.52701,1.41701,1.67701,0.407009,0.0370093,-0.972991,-0.802991,-1.23299,-1.57299,-2.40299,-1.44299,-2.37299,-1.68299,1.36701,1.58701,2.36701,2.10701,1.40701,0.437009,1.29701,1.24701,0.917009,0.737009,0.547009,1.87701,1.36701,1.47701,0.457009,0.257009,1.09701,0.497009,1.02701,1.45701,2.02701,2.18701,1.34701,1.33701,0.967009,1.13701,1.92701,1.93701,0.417009,-1.13299,1.19701,3.73701,-1.26299,-4.91299,2.33701,4.39701,3.33701,1.05701,-0.702991,-3.06299,-1.46299,-3.76299
4.40701,3.68701,3.61701,4.23701,4.76701,4.62701,4.95701,3.73701,2.46701,3.63701,2.64701,1.30701,0.847009,0.557009,-0.522991,-0.822991,0.167009,0.0270093,-1.68299,-1.22299,-2.40299,-4.18299,-3.95299,0.927009,2.45701,2.62701,2.25701,0.787009,-1.22299,0.417009,0.977009,1.36701,0.00700928,1.29701,0.867009,0.507009,0.687009,1.03701,0.627009,-1.31299,-0.122991,0.877009,1.66701,3.07701,2.79701,1.27701,0.297009,0.457009,1.34701,0.727009,-0.342991,-0.892991,1.61701,3.98701,-0.0429907,-2.96299,-0.682991,1.25701,3.23701,1.91701,-0.0229907,-1.57299,-2.38299,-3.59299,-5.18299
5.13701,4.51701,4.23701,4.49701,4.10701,4.83701,4.20701,3.30701,2.41701,1.13701,0.657009,0.307009,-0.662991,0.627009,1.28701,-0.992991,-1.63299,-3.25299,-2.13299,-2.51299,-3.12299,-2.27299,-2.55299,-2.25299,2.19701,2.33701,3.67701,1.58701,-0.302991,-0.362991,2.31701,2.27701,0.497009,0.337009,0.687009,0.317009,-0.402991,-0.302991,0.737009,1.89701,1.94701,2.46701,2.46701,2.54701,2.17701,0.827009,-0.652991,-0.712991,0.0670093,-0.712991,0.767009,3.89701,2.50701,1.35701,-0.202991,-1.93299,1.00701,0.747009,1.58701,0.767009,-0.622991,-2.34299,-3.03299,-4.25299,-5.26299
5.68701,4.91701,4.64701,4.68701,4.34701,4.45701,3.65701,3.11701,2.12701,0.967009,-0.192991,0.0170093,-0.232991,-1.12299,-2.06299,-1.02299,-1.67299,-1.18299,-2.00299,-1.42299,-1.06299,-2.07299,-2.65299,-1.03299,2.69701,3.83701,4.87701,1.51701,0.0470093,-0.322991,3.75701,1.95701,-0.0229907,-0.122991,0.0870093,-0.0129907,-0.192991,-0.462991,-1.07299,-0.842991,0.627009,0.877009,0.887009,1.90701,2.85701,2.77701,2.05701,2.15701,1.93701,-0.422991,0.387009,1.41701,1.25701,1.01701,0.237009,0.387009,-1.10299,0.247009,-0.192991,-0.312991,-1.68299,-2.84299,-3.80299,-4.99299,-5.38299
5.78701,5.16701,5.17701,4.94701,4.63701,3.43701,2.76701,4.66701,2.68701,1.51701,-0.682991,0.187009,-1.92299,-1.44299,-1.58299,-0.702991,-1.11299,-0.582991,-1.63299,-0.762991,-1.78299,-1.38299,1.90701,1.53701,0.227009,3.79701,4.22701,3.77701,-0.0129907,0.377009,2.97701,2.90701,0.957009,0.987009,-0.0729907,0.727009,0.537009,0.797009,-0.0329907,0.127009,0.0870093,-0.502991,2.16701,0.647009,0.797009,2.55701,1.13701,-0.202991,0.0170093,-0.132991,-0.532991,-0.552991,0.0370093,0.307009,0.317009,0.0670093,-0.612991,-1.05299,-1.51299,-1.26299,-2.76299,-3.68299,-4.78299,-5.91299,-6.09299
5.34701,5.14701,5.02701,4.84701,4.48701,4.03701,3.33701,3.27701,2.24701,1.39701,0.0870093,-0.0129907,-0.902991,-1.65299,-2.39299,-1.54299,-0.602991,-2.70299,-1.33299,-2.32299,-2.84299,-2.18299,2.38701,1.49701,-1.29299,-0.232991,0.657009,-0.562991,3.57701,1.12701,0.307009,2.22701,1.62701,1.01701,0.737009,1.43701,0.727009,1.48701,-0.412991,0.817009,-0.152991,-2.29299,3.78701,5.39701,-0.762991,-2.62299,0.347009,-0.232991,0.727009,-0.0129907,-1.18299,-1.43299,-1.04299,-1.03299,0.527009,0.917009,-0.142991,-1.43299,-2.13299,-2.76299,-3.78299,-3.86299,-4.70299,-5.31299,-6.10299
5.17701,5.21701,5.02701,4.76701,4.67701,3.95701,3.29701,2.87701,2.49701,-0.192991,-0.272991,-0.332991,-0.602991,-1.68299,-2.37299,-2.47299,-1.20299,-1.13299,-2.79299,-2.39299,1.38701,-0.522991,0.217009,1.34701,0.737009,0.457009,-0.442991,0.107009,2.49701,4.07701,1.83701,1.58701,0.827009,1.59701,2.13701,2.18701,1.57701,1.42701,1.49701,1.36701,-1.18299,-3.25299,2.56701,5.45701,0.747009,-0.132991,-0.272991,1.20701,0.547009,-0.412991,-2.20299,-1.77299,-0.612991,-1.33299,2.31701,0.607009,-0.142991,-0.572991,-2.16299,-3.87299,-3.70299,-4.00299,-5.04299,-5.44299,-6.32299
5.53701,5.05701,4.82701,4.68701,4.76701,4.02701,3.30701,2.52701,1.16701,0.577009,0.00700928,-0.352991,-1.20299,-2.26299,-3.12299,-3.23299,-2.33299,-2.48299,-2.41299,4.12701,1.38701,1.57701,1.59701,2.79701,2.00701,2.38701,2.16701,2.71701,3.86701,3.42701,1.56701,2.94701,1.15701,1.28701,1.80701,3.10701,1.32701,0.647009,0.787009,1.32701,0.997009,-0.212991,3.14701,2.91701,0.947009,-0.322991,0.177009,-0.0129907,-0.372991,-1.55299,-2.25299,-1.13299,0.767009,2.23701,3.62701,2.99701,-0.352991,-0.192991,-2.14299,-2.17299,-2.93299,-3.53299,-4.07299,-5.37299,-6.24299
5.71701,4.98701,4.88701,4.81701,4.46701,3.73701,2.86701,2.02701,1.49701,0.707009,-0.0229907,-1.48299,-2.33299,-2.55299,-3.15299,-3.63299,-3.80299,-2.82299,1.68701,1.46701,1.25701,1.02701,2.38701,3.97701,3.75701,2.56701,3.11701,4.20701,4.81701,4.74701,2.90701,4.67701,9.24701,2.02701,2.13701,2.16701,1.62701,1.45701,0.797009,1.71701,1.09701,1.20701,0.197009,-1.32299,-1.56299,-1.63299,-0.512991,-1.23299,-0.822991,-2.41299,-3.08299,-1.50299,1.12701,4.68701,5.97701,4.46701,0.267009,0.497009,-2.07299,-1.99299,-1.98299,-2.97299,-3.79299,-4.77299,-5.90299
5.93701,5.40701,4.98701,4.71701,4.23701,3.37701,2.47701,1.75701,1.04701,0.457009,0.0670093,-1.06299,-1.22299,-2.37299,-1.81299,-3.64299,-2.96299,0.377009,0.807009,1.19701,0.917009,1.56701,3.43701,3.99701,2.50701,2.22701,4.01701,5.66701,5.06701,4.63701,3.11701,6.73701,7.38701,2.44701,0.297009,4.31701,2.90701,2.03701,1.86701,1.85701,1.93701,0.597009,0.197009,-1.42299,-2.55299,-2.62299,-1.48299,-2.50299,-1.93299,-4.18299,-2.96299,0.777009,3.17701,6.10701,6.69701,3.97701,2.82701,1.50701,-1.14299,-1.35299,-0.892991,-1.30299,-2.65299,-3.46299,-3.96299
6.34701,5.66701,5.04701,4.59701,4.01701,3.08701,2.39701,1.53701,0.767009,-0.332991,0.927009,1.01701,-1.51299,-1.64299,-2.14299,-3.18299,-0.242991,0.237009,0.397009,0.0370093,-0.412991,1.38701,3.86701,3.97701,3.42701,3.87701,5.32701,4.73701,4.16701,4.47701,5.64701,6.64701,7.25701,1.14701,0.817009,3.26701,3.43701,1.17701,1.04701,1.92701,1.36701,0.387009,0.987009,-0.342991,-3.76299,-3.24299,-3.28299,-1.71299,-2.82299,-5.29299,-3.48299,0.237009,3.79701,5.69701,7.74701,6.00701,3.90701,-1.66299,0.0570093,1.02701,1.20701,0.247009,-0.462991,0.137009,-0.552991
5.95701,5.54701,4.99701,4.23701,3.58701,2.85701,2.04701,1.38701,0.877009,0.717009,1.22701,-0.0729907,-0.522991,-1.29299,-3.08299,-2.56299,1.02701,0.647009,-0.0429907,0.907009,1.60701,2.76701,3.37701,4.88701,4.79701,4.88701,4.88701,4.48701,4.64701,5.05701,5.02701,5.99701,5.86701,3.74701,0.797009,2.44701,1.65701,1.91701,3.16701,1.22701,1.00701,0.797009,0.257009,0.467009,-0.212991,-2.70299,-1.26299,-2.53299,-1.91299,-2.43299,-1.08299,1.77701,3.29701,6.45701,7.33701,6.49701,1.57701,1.22701,2.16701,1.09701,1.54701,1.75701,0.727009,0.267009,0.487009
5.46701,4.85701,4.28701,3.63701,2.91701,2.47701,1.82701,1.11701,0.477009,0.227009,-0.962991,0.367009,-1.19299,-2.25299,-2.14299,-2.91299,0.297009,2.61701,2.30701,1.46701,1.68701,2.27701,3.80701,5.01701,4.99701,5.31701,4.70701,4.42701,3.38701,3.94701,4.55701,4.99701,5.06701,3.18701,0.667009,1.22701,1.75701,2.15701,2.37701,1.38701,0.00700928,0.117009,0.247009,-0.262991,-0.872991,1.93701,-0.412991,-0.582991,0.247009,0.407009,3.14701,4.17701,5.20701,6.51701,6.53701,5.73701,1.16701,8.22701,4.82701,2.14701,3.91701,1.19701,0.847009,0.827009,1.07701
4.82701,4.29701,3.60701,2.82701,2.33701,1.88701,1.37701,0.907009,0.417009,0.0470093,-0.922991,0.867009,0.0870093,-0.642991,-1.88299,-0.122991,3.11701,3.38701,4.09701,1.19701,0.867009,2.40701,4.19701,4.94701,5.37701,5.21701,5.02701,4.81701,3.55701,4.63701,5.00701,4.98701,4.52701,3.84701,0.767009,1.05701,1.88701,2.08701,0.887009,0.517009,0.737009,0.0970093,-0.332991,-0.512991,-0.552991,4.83701,3.77701,3.57701,2.66701,2.08701,3.76701,4.73701,5.46701,6.05701,6.96701,5.60701,5.13701,6.39701,1.08701,4.96701,1.51701,3.26701,3.95701,3.42701,2.78701
4.74701,3.96701,2.89701,2.16701,1.91701,1.56701,1.20701,0.777009,-0.0429907,-1.05299,-1.71299,-1.39299,4.48701,0.567009,0.177009,-0.0929907,3.07701,3.67701,3.86701,1.72701,1.99701,2.92701,5.06701,5.07701,5.47701,5.53701,5.56701,5.23701,5.22701,5.26701,5.34701,5.31701,4.51701,3.62701,1.05701,1.10701,1.41701,1.20701,0.747009,0.337009,0.487009,-0.182991,-1.45299,-0.202991,7.85701,5.93701,3.80701,1.91701,2.50701,3.84701,5.35701,6.64701,6.76701,7.05701,7.99701,6.10701,7.01701,3.87701,7.72701,0.417009,0.837009,4.48701,4.68701,4.28701,4.11701
4.26701,3.09701,2.37701,1.88701,1.28701,0.947009,0.907009,0.587009,0.0570093,-1.10299,-2.37299,-2.79299,-0.342991,3.20701,3.30701,6.52701,1.24701,2.64701,3.42701,3.59701,3.70701,4.32701,5.16701,5.68701,6.40701,6.76701,6.53701,6.53701,6.33701,6.32701,5.47701,4.61701,4.17701,3.90701,0.917009,1.07701,0.757009,-0.0429907,0.367009,0.417009,1.73701,0.867009,1.57701,2.30701,2.83701,3.38701,2.25701,3.75701,3.48701,4.78701,6.54701,7.01701,7.45701,8.72701,1.67701,6.61701,7.25701,7.27701,2.28701,3.48701,3.94701,2.10701,3.07701,4.80701,5.62701
2.89701,1.88701,1.40701,1.02701,0.207009,0.237009,0.637009,0.187009,-0.682991,-1.37299,-2.34299,-3.54299,-2.28299,0.207009,6.51701,2.86701,0.0770093,1.62701,3.06701,3.74701,3.03701,3.93701,5.32701,6.33701,6.61701,6.87701,6.93701,6.34701,5.84701,5.20701,4.48701,4.12701,3.53701,4.00701,1.71701,-0.0329907,-0.272991,-0.402991,0.387009,1.46701,0.927009,3.70701,3.68701,3.27701,3.00701,3.08701,3.59701,4.56701,5.57701,6.32701,6.78701,7.39701,6.55701,2.62701,5.39701,7.33701,7.92701,7.85701,4.00701,1.27701,-0.362991,-0.122991,4.14701,6.97701,7.61701
1.45701,0.357009,0.467009,1.37701,2.02701,2.15701,1.36701,0.497009,-0.322991,-1.32299,-2.36299,-3.40299,-4.03299,4.19701,3.15701,3.90701,1.27701,0.107009,0.447009,3.00701,4.58701,5.37701,5.54701,5.78701,6.12701,6.51701,6.33701,6.09701,5.23701,4.99701,4.22701,4.10701,4.03701,2.87701,1.16701,0.897009,2.62701,1.46701,0.777009,1.82701,3.08701,3.54701,4.04701,4.42701,3.91701,3.85701,3.98701,5.10701,6.54701,7.03701,6.69701,6.72701,4.86701,2.59701,5.49701,7.67701,7.67701,6.13701,2.87701,2.90701,1.25701,2.12701,9.39701,8.85701,7.82701
0.937009,1.94701,3.03701,3.50701,3.47701,2.70701,1.94701,0.887009,-0.0429907,-0.972991,-1.91299,-2.08299,-2.03299,-0.492991,1.43701,1.33701,-1.38299,-0.772991,5.30701,5.43701,5.66701,5.88701,5.99701,6.20701,5.88701,5.89701,5.89701,5.82701,5.69701,4.56701,5.22701,4.71701,3.73701,3.21701,2.16701,0.517009,-1.41299,-3.04299,-0.102991,2.43701,4.51701,5.14701,5.43701,5.35701,6.04701,5.80701,5.95701,6.56701,7.30701,7.44701,6.97701,6.34701,0.897009,3.11701,5.36701,6.72701,7.07701,3.06701,5.03701,2.58701,0.127009,2.36701,9.84701,8.67701,7.61701
1.61701,1.81701,2.21701,2.27701,1.57701,1.63701,1.52701,0.547009,0.167009,0.317009,-0.732991,-1.44299,-1.19299,-0.402991,0.337009,-0.842991,2.95701,5.21701,4.61701,5.29701,5.49701,6.17701,6.31701,6.19701,6.11701,5.62701,5.92701,6.03701,5.80701,5.78701,6.74701,-2.01299,0.307009,2.17701,2.90701,2.57701,0.547009,-0.932991,-1.13299,6.47701,7.36701,7.15701,6.61701,6.76701,6.80701,6.84701,6.67701,6.80701,7.57701,6.51701,4.91701,2.93701,-0.192991,1.13701,5.44701,8.87701,5.78701,5.25701,5.17701,2.07701,4.00701,8.69701,8.23701,7.65701,6.18701
1.11701,1.63701,2.40701,1.87701,2.23701,1.73701,1.34701,0.777009,0.517009,0.287009,0.407009,0.397009,0.657009,0.777009,1.31701,1.88701,2.65701,3.12701,3.94701,4.75701,5.52701,5.66701,6.12701,5.99701,5.34701,5.70701,5.61701,5.58701,4.60701,4.29701,4.58701,0.817009,-2.45299,0.387009,2.94701,2.57701,1.41701,0.747009,-1.02299,7.73701,7.76701,7.70701,7.60701,7.40701,6.39701,6.70701,6.55701,7.18701,6.39701,5.10701,-0.742991,-0.642991,1.30701,1.18701,6.88701,7.85701,8.24701,4.79701,4.86701,2.21701,3.41701,6.70701,7.00701,6.94701,5.18701
1.73701,1.93701,1.82701,1.25701,1.13701,1.33701,1.04701,0.557009,0.357009,0.197009,-0.0629907,-0.0829907,0.337009,0.937009,1.30701,1.42701,2.22701,3.43701,3.85701,4.08701,4.74701,5.07701,5.44701,5.32701,5.19701,4.99701,4.88701,4.69701,4.28701,3.59701,1.96701,3.98701,1.12701,0.0570093,0.267009,2.43701,1.88701,0.657009,1.38701,7.10701,7.85701,7.64701,7.47701,4.57701,7.70701,7.05701,6.40701,5.63701,3.38701,1.12701,0.737009,0.727009,0.457009,4.83701,8.63701,9.05701,7.78701,4.95701,5.60701,3.36701,4.92701,8.69701,8.62701,6.20701,5.65701
