wind000.json
{"header": {"parameterUnit":"m.s-1","parameterNumber":3,"parameterCategory":2,"parameterNumberName":"V-component_of_wind","dx":1,"dy":1,"la1":90,"la2":-90,"lo1":0,"lo2":359,"nx":360,"ny":181,"refTime":"2018-08-06T08:00:00.000Z\n"}, "data":
[rows 0 to 28 of 181, columns 0 to 64 of 360]
0,0,0,0,0,0,0,0,0,0,0,0,0,0,0,0,0,0,0,0,0,0,0,0,0,0,0,0,0,0,0,0,0,0,0,0,0,0,0,0,0,0,0,0,0,0,0,0,0,0,0,0,0,0,0,0,0,0,0,0,0,0,0,0,0
2.76716,2.76716,2.75716,2.75716,2.75716,2.74716,2.73716,2.73716,2.72716,2.72716,2.71716,2.69716,2.68716,2.67716,2.66716,2.65716,2.63716,2.61716,2.59716,2.57716,2.55716,2.53716,2.51716,2.48716,2.46716,2.43716,2.40716,2.38716,2.35716,2.31716,2.28716,2.25716,2.22716,2.18716,2.15716,2.12716,2.09716,2.06716,2.02716,1.99716,1.95716,1.92716,1.89716,1.86716,1.83716,1.80716,1.77716,1.74716,1.71716,1.68716,1.66716,1.63716,1.61716,1.59716,1.56716,1.54716,1.52716,1.49716,1.47716,1.45716,1.43716,1.41716,1.40716,1.38716,1.36716
2.10716,2.06716,2.03716,2.00716,1.97716,1.93716,1.89716,1.85716,1.81716,1.76716,1.72716,1.66716,1.61716,1.54716,1.48716,1.41716,1.34716,1.26716,1.18716,1.10716,1.01716,0.937163,0.847163,0.757163,0.677163,0.587163,0.507163,0.427163,0.347163,0.277163,0.207163,0.137163,0.0771631,0.0171631,-0.0328369,-0.0828369,-0.122837,-0.152837,-0.182837,-0.212837,-0.222837,-0.242837,-0.242837,-0.242837,-0.242837,-0.232837,-0.222837,-0.212837,-0.192837,-0.162837,-0.132837,-0.102837,-0.0728369,-0.0428369,-0.0128369,0.0271631,0.0671631,0.107163,0.147163,0.187163,0.227163,0.267163,0.307163,0.357163,0.407163
1.69716,1.61716,1.54716,1.47716,1.39716,1.33716,1.26716,1.18716,1.09716,1.00716,0.887163,0.767163,0.617163,0.447163,0.267163,0.0671631,-0.152837,-0.372837,-0.612837,-0.852837,-1.09284,-1.31284,-1.51284,-1.68284,-1.83284,-1.95284,-2.03284,-2.09284,-2.12284,-2.14284,-2.15284,-2.16284,-2.16284,-2.15284,-2.15284,-2.15284,-2.16284,-2.17284,-2.18284,-2.19284,-2.20284,-2.21284,-2.21284,-2.21284,-2.20284,-2.19284,-2.16284,-2.13284,-2.10284,-2.06284,-2.01284,-1.97284,-1.92284,-1.86284,-1.81284,-1.76284,-1.71284,-1.66284,-1.61284,-1.56284,-1.51284,-1.48284,-1.43284,-1.39284,-1.35284
1.52716,1.32716,1.10716,0.857163,0.597163,0.327163,0.0471631,-0.232837,-0.502837,-0.782837,-1.06284,-1.33284,-1.60284,-1.86284,-2.12284,-2.37284,-2.60284,-2.84284,-3.03284,-3.21284,-3.39284,-3.51284,-3.59284,-3.65284,-3.68284,-3.68284,-3.68284,-3.66284,-3.64284,-3.63284,-3.63284,-3.63284,-3.64284,-3.65284,-3.66284,-3.67284,-3.68284,-3.70284,-3.71284,-3.72284,-3.74284,-3.75284,-3.76284,-3.78284,-3.79284,-3.80284,-3.79284,-3.78284,-3.77284,-3.74284,-3.70284,-3.65284,-3.59284,-3.53284,-3.46284,-3.38284,-3.30284,-3.22284,-3.13284,-3.04284,-2.94284,-2.84284,-2.74284,-2.64284,-2.53284
1.11716,0.647163,0.197163,-0.232837,-0.632837,-1.00284,-1.36284,-1.68284,-1.97284,-2.23284,-2.45284,-2.67284,-2.88284,-3.09284,-3.30284,-3.51284,-3.72284,-3.92284,-4.11284,-4.28284,-4.40284,-4.50284,-4.54284,-4.56284,-4.56284,-4.55284,-4.54284,-4.54284,-4.55284,-4.58284,-4.62284,-4.66284,-4.71284,-4.77284,-4.85284,-4.95284,-5.06284,-5.15284,-5.24284,-5.31284,-5.34284,-5.32284,-5.27284,-5.21284,-5.13284,-5.06284,-4.99284,-4.93284,-4.86284,-4.79284,-4.71284,-4.63284,-4.54284,-4.44284,-4.33284,-4.22284,-4.06284,-3.93284,-3.81284,-3.67284,-3.52284,-3.36284,-3.19284,-3.02284,-2.85284
-0.192837,-0.472837,-0.752837,-1.04284,-1.32284,-1.61284,-1.89284,-2.18284,-2.46284,-2.73284,-2.98284,-3.23284,-3.46284,-3.68284,-3.91284,-4.12284,-4.33284,-4.52284,-4.68284,-4.82284,-4.97284,-5.10284,-5.21284,-5.33284,-5.47284,-5.55284,-5.59284,-5.61284,-5.64284,-5.69284,-5.76284,-5.95284,-6.12284,-6.29284,-6.40284,-6.44284,-6.41284,-6.33284,-6.22284,-6.12284,-6.01284,-5.92284,-5.82284,-5.73284,-5.62284,-5.50284,-5.37284,-5.24284,-5.10284,-4.97284,-4.84284,-4.71284,-4.58284,-4.45284,-4.32284,-4.18284,-4.05284,-3.91284,-3.77284,-3.64284,-3.51284,-3.38284,-3.26284,-3.13284,-3.00284
-0.112837,-0.492837,-0.902837,-1.30284,-1.66284,-2.00284,-2.33284,-2.64284,-2.96284,-3.27284,-3.56284,-3.84284,-4.09284,-4.32284,-4.50284,-4.67284,-4.82284,-4.99284,-5.16284,-5.31284,-5.43284,-5.56284,-5.60284,-5.68284,-5.74284,-5.81284,-5.83284,-5.98284,-6.15284,-6.31284,-6.52284,-6.71284,-6.86284,-6.93284,-7.22284,-7.24284,-6.62284,-6.40284,-6.19284,-6.01284,-5.89284,-5.82284,-5.73284,-5.60284,-5.41284,-5.21284,-5.04284,-4.93284,-4.82284,-4.73284,-4.62284,-4.49284,-4.36284,-4.25284,-4.19284,-4.19284,-4.14284,-4.07284,-4.00284,-3.90284,-3.82284,-3.74284,-3.65284,-3.56284,-3.46284
-0.682837,-0.902837,-1.15284,-1.42284,-1.76284,-2.15284,-2.79284,-3.31284,-3.80284,-4.18284,-4.41284,-4.54284,-4.80284,-5.43284,-5.89284,-6.23284,-6.45284,-6.63284,-6.83284,-7.03284,-7.17284,-7.23284,-7.32284,-7.43284,-7.58284,-7.74284,-7.97284,-8.23284,-8.42284,-8.67284,-8.71284,-8.72284,-8.59284,-8.41284,-8.17284,-7.94284,-7.78284,-7.73284,-7.77284,-7.53284,-7.34284,-7.08284,-6.78284,-6.46284,-6.21284,-6.04284,-5.88284,-5.70284,-5.51284,-5.34284,-5.25284,-5.23284,-5.26284,-5.30284,-5.33284,-5.30284,-5.21284,-5.13284,-5.06284,-5.06284,-4.78284,-4.63284,-4.35284,-4.12284,-3.96284
-1.43284,-1.59284,-1.88284,-2.02284,-2.31284,-2.61284,-2.91284,-3.27284,-3.65284,-4.02284,-4.36284,-4.69284,-5.01284,-5.56284,-5.88284,-6.20284,-6.74284,-7.10284,-7.29284,-7.29284,-7.41284,-7.55284,-7.66284,-7.84284,-8.03284,-8.46284,-8.98284,-9.19284,-9.19284,-9.05284,-8.98284,-8.93284,-8.88284,-8.77284,-8.76284,-8.49284,-8.39284,-8.26284,-8.09284,-8.02284,-7.58284,-7.25284,-7.07284,-6.70284,-6.29284,-5.82284,-5.31284,-5.07284,-4.85284,-4.61284,-4.66284,-5.03284,-5.57284,-5.62284,-4.99284,-3.99284,-3.77284,-4.63284,-5.58284,-5.30284,-5.09284,-4.34284,-4.60284,-4.68284,-4.68284
-2.94284,-2.78284,-2.98284,-3.00284,-2.89284,-3.24284,-3.61284,-4.27284,-4.75284,-4.92284,-4.48284,-3.55284,-3.11284,-3.64284,-4.27284,-4.42284,-3.94284,-4.00284,-4.42284,-4.29284,-4.76284,-5.76284,-6.35284,-5.77284,-5.63284,-7.00284,-8.74284,-10.0728,-11.0728,-10.7928,-10.4128,-10.0728,-9.64284,-9.70284,-9.51284,-9.27284,-9.02284,-8.81284,-8.61284,-8.36284,-8.16284,-7.90284,-7.33284,-6.79284,-6.27284,-5.93284,-5.84284,-6.04284,-6.53284,-7.09284,-7.13284,-6.69284,-7.29284,-6.99284,-6.51284,-6.10284,-6.10284,-6.55284,-6.76284,-6.68284,-6.59284,-6.76284,-6.80284,-6.53284,-6.07284
-1.81284,-1.28284,-1.07284,-1.24284,-1.82284,-2.51284,-3.70284,-4.86284,-5.68284,-5.53284,-3.93284,-1.86284,-1.77284,-3.11284,-4.77284,-5.37284,-4.82284,-3.21284,-2.73284,-3.25284,-4.59284,-5.94284,-6.23284,-5.01284,-3.69284,-3.89284,-6.46284,-9.72284,-11.7528,-11.7228,-11.3128,-11.1028,-10.9628,-10.7828,-10.5328,-10.2728,-10.0328,-9.67284,-9.17284,-8.60284,-7.93284,-7.10284,-6.69284,-6.50284,-6.50284,-6.79284,-7.15284,-7.45284,-7.55284,-7.55284,-7.47284,-7.31284,-7.13284,-6.96284,-6.86284,-6.83284,-6.83284,-6.75284,-6.52284,-6.22284,-5.90284,-5.60284,-5.29284,-4.95284,-4.57284
-1.89284,-1.26284,-0.732837,-0.692837,-1.23284,-2.32284,-3.71284,-4.90284,-5.36284,-4.99284,-4.26284,-4.04284,-3.74284,-2.56284,-1.49284,-0.962837,-0.852837,-1.12284,-2.37284,-3.85284,-4.53284,-4.53284,-4.93284,-6.04284,-7.19284,-8.41284,-8.98284,-9.53284,-9.87284,-10.0928,-10.3728,-10.5228,-10.6028,-10.5428,-10.4728,-10.4928,-10.4128,-9.98284,-9.33284,-8.55284,-7.86284,-7.50284,-7.37284,-7.42284,-7.48284,-7.51284,-7.59284,-7.78284,-7.91284,-7.82284,-7.46284,-7.02284,-6.69284,-6.42284,-6.24284,-6.05284,-5.89284,-5.69284,-5.44284,-5.14284,-4.81284,-4.46284,-4.11284,-3.81284,-3.56284
1.50716,1.29716,0.667163,-0.132837,-1.05284,-1.90284,-2.47284,-2.72284,-3.04284,-3.48284,-3.92284,-3.99284,-4.04284,-4.31284,-4.76284,-4.45284,-2.59284,-1.65284,-3.28284,-5.50284,-5.81284,-4.70284,-3.97284,-5.26284,-8.29284,-9.78284,-10.3728,-10.2128,-10.2028,-10.4928,-10.5828,-10.5428,-10.5328,-10.4828,-10.3428,-10.1928,-9.96284,-9.58284,-8.93284,-8.72284,-8.36284,-7.91284,-7.78284,-7.66284,-7.68284,-7.67284,-7.54284,-7.36284,-7.04284,-6.50284,-5.89284,-5.44284,-5.10284,-4.70284,-4.24284,-3.81284,-3.48284,-3.23284,-3.06284,-2.96284,-2.96284,-2.83284,-2.59284,-2.12284,-1.51284
0.557163,0.167163,-0.282837,-0.582837,-0.822837,-1.16284,-1.61284,-2.26284,-3.24284,-4.26284,-4.88284,-5.13284,-5.74284,-6.28284,-6.33284,-5.42284,-4.96284,-4.71284,-4.86284,-5.06284,-4.81284,-4.91284,-6.36284,-8.21284,-9.05284,-9.09284,-9.14284,-9.43284,-9.84284,-10.3928,-10.2828,-10.4328,-10.4728,-10.2928,-9.90284,-9.37284,-8.76284,-8.16284,-7.69284,-7.32284,-7.04284,-6.84284,-6.74284,-6.62284,-6.54284,-6.46284,-6.16284,-5.62284,-5.01284,-4.50284,-4.14284,-3.77284,-3.21284,-2.62284,-2.39284,-2.44284,-1.81284,-0.162837,1.32716,1.71716,1.46716,0.517163,-1.02284,-2.38284,-3.38284
-1.07284,-1.07284,-1.04284,-1.11284,-1.20284,-1.31284,-1.56284,-1.95284,-2.46284,-2.99284,-3.61284,-4.11284,-4.53284,-4.89284,-5.25284,-5.53284,-5.66284,-5.30284,-5.40284,-5.60284,-6.09284,-6.77284,-7.50284,-8.32284,-9.10284,-9.68284,-10.1028,-10.4628,-10.6428,-10.7728,-10.9828,-11.0428,-10.6828,-10.2028,-9.90284,-9.64284,-9.26284,-8.76284,-8.27284,-7.76284,-7.08284,-6.26284,-5.46284,-4.63284,-3.62284,-2.44284,-1.37284,-0.592837,-0.0128369,0.467163,0.847163,1.26716,1.61716,1.40716,0.967163,1.66716,2.44716,0.627163,-2.10284,-3.05284,-2.35284,-1.10284,-0.202837,0.277163,0.257163
-0.732837,-0.942837,-1.40284,-1.84284,-2.08284,-1.96284,-1.78284,-1.78284,-2.03284,-2.42284,-2.84284,-3.30284,-3.73284,-4.10284,-4.52284,-5.03284,-5.46284,-5.80284,-6.18284,-6.53284,-6.84284,-7.14284,-7.60284,-8.21284,-8.86284,-9.35284,-9.67284,-10.0528,-10.4928,-10.8228,-11.0128,-10.9828,-10.6628,-10.1428,-9.72284,-9.60284,-9.50284,-9.00284,-8.09284,-7.01284,-5.97284,-4.91284,-3.70284,-2.83284,-2.69284,-2.56284,-1.82284,-0.852837,-0.192837,0.307163,1.45716,2.69716,2.71716,1.44716,-0.00283691,-0.722837,-1.42284,-1.75284,-0.442837,1.99716,3.18716,3.46716,3.61716,3.76716,3.88716
-4.47284,-4.24284,-3.72284,-2.83284,-2.11284,-2.24284,-3.02284,-3.23284,-2.35284,-1.32284,-1.18284,-1.68284,-2.35284,-3.16284,-3.98284,-4.69284,-5.13284,-5.36284,-5.72284,-6.26284,-6.72284,-7.10284,-7.51284,-7.80284,-7.87284,-7.91284,-8.19284,-8.57284,-8.82284,-8.91284,-8.92284,-8.84284,-8.72284,-8.63284,-8.63284,-8.65284,-8.42284,-7.84284,-7.19284,-6.75284,-6.42284,-6.03284,-6.00284,-6.20284,-5.02284,-2.44284,-1.29284,-1.60284,-1.08284,0.707163,1.92716,1.92716,1.60716,1.27716,1.00716,0.717163,2.16716,4.97716,5.35716,4.80716,4.68716,4.73716,4.78716,4.86716,4.94716
-4.61284,-5.37284,-5.68284,-5.80284,-5.64284,-4.76284,-3.75284,-4.33284,-5.66284,-4.60284,-1.99284,-1.30284,-1.53284,-1.83284,-2.43284,-2.94284,-3.25284,-3.62284,-4.05284,-4.47284,-4.79284,-4.98284,-5.08284,-5.18284,-5.31284,-5.52284,-5.81284,-6.19284,-6.54284,-6.81284,-7.03284,-7.25284,-7.35284,-7.33284,-7.27284,-7.13284,-6.99284,-6.95284,-7.05284,-7.15284,-7.15284,-7.17284,-7.11284,-6.02284,-3.68284,-2.21284,-2.27284,-1.89284,-1.48284,-2.20284,-0.522837,3.65716,3.68716,2.17716,1.91716,2.86716,4.41716,4.75716,4.16716,4.70716,5.05716,5.15716,5.33716,5.57716,5.81716
-4.10284,-5.05284,-5.74284,-6.19284,-6.54284,-6.98284,-6.95284,-6.50284,-6.80284,-7.15284,-5.45284,-3.39284,-2.91284,-2.63284,-2.01284,-2.06284,-2.69284,-3.28284,-3.71284,-3.92284,-3.93284,-3.92284,-3.74284,-3.45284,-3.72284,-4.17284,-4.45284,-4.90284,-4.75284,-5.33284,-5.81284,-6.47284,-6.76284,-6.83284,-6.88284,-7.04284,-7.31284,-7.44284,-7.35284,-7.14284,-6.95284,-6.62284,-5.62284,-4.41284,-4.16284,-4.54284,-4.75284,-4.78284,-4.03284,-1.78284,-0.332837,-1.01284,-0.462837,2.16716,3.94716,4.94716,5.46716,6.27716,6.55716,5.68716,5.77716,6.14716,5.95716,5.91716,6.18716
-4.80284,-5.53284,-5.97284,-6.68284,-7.23284,-7.48284,-7.79284,-7.79284,-7.30284,-7.16284,-6.78284,-5.48284,-4.81284,-5.35284,-5.24284,-4.74284,-4.62284,-4.02284,-4.21284,-3.65284,-3.66284,-3.36284,-2.43284,-3.09284,-4.24284,-5.10284,-4.46284,-4.97284,-5.03284,-4.66284,-5.23284,-6.12284,-5.90284,-6.11284,-6.36284,-6.38284,-6.39284,-6.30284,-6.22284,-6.11284,-5.87284,-5.63284,-5.70284,-6.11284,-6.42284,-6.31284,-5.56284,-4.97284,-4.54284,-4.12284,-2.53284,0.727163,3.76716,5.57716,6.95716,8.19716,8.03716,7.91716,7.79716,7.60716,8.03716,7.25716,5.67716,5.52716,6.51716
-5.56284,-5.91284,-6.63284,-7.37284,-7.75284,-7.97284,-8.13284,-8.13284,-7.86284,-7.37284,-6.68284,-5.80284,-5.49284,-5.87284,-5.98284,-5.26284,-4.76284,-3.98284,-2.81284,-2.74284,-2.36284,-4.00284,-5.62284,-6.15284,-6.37284,-5.86284,-4.10284,-3.24284,-4.40284,-3.78284,-4.52284,-5.02284,-5.28284,-5.21284,-6.62284,-6.56284,-6.79284,-7.84284,-7.96284,-7.29284,-3.73284,-1.04284,-2.42284,-3.67284,-4.58284,-6.16284,-7.51284,-6.38284,-0.492837,3.27716,4.50716,4.98716,5.80716,6.06716,6.94716,7.85716,7.69716,8.53716,8.19716,8.42716,9.03716,8.31716,7.94716,7.74716,7.23716
-4.73284,-5.80284,-6.94284,-7.43284,-7.73284,-8.17284,-8.16284,-7.81284,-7.74284,-7.81284,-8.15284,-8.66284,-8.19284,-7.00284,-5.60284,-4.06284,-2.24284,-2.29284,-2.77284,-3.57284,-5.26284,-3.78284,-4.23284,-4.38284,-3.86284,-3.53284,-3.23284,-3.48284,-3.67284,-1.99284,-2.22284,-1.99284,-2.33284,-2.06284,-1.52284,-2.40284,-3.32284,-3.65284,-3.47284,-2.40284,-1.27284,-0.682837,-1.13284,-2.56284,-3.69284,-4.97284,-4.23284,-2.69284,-0.202837,0.527163,1.03716,3.25716,5.43716,6.97716,8.36716,9.50716,9.71716,8.41716,8.25716,8.11716,8.22716,8.06716,7.50716,6.81716,6.37716
-4.51284,-5.34284,-6.18284,-7.08284,-7.66284,-7.98284,-8.43284,-8.42284,-6.66284,-5.70284,-5.61284,-5.82284,-6.15284,-3.03284,-1.42284,-1.19284,-2.04284,-4.75284,-3.53284,-4.67284,-4.53284,-4.01284,-3.72284,-3.53284,-3.52284,-3.40284,-2.97284,-2.50284,-2.17284,-1.99284,-2.14284,-1.95284,-2.06284,-1.96284,-1.06284,0.517163,0.967163,-0.162837,-1.20284,-1.69284,-1.86284,-2.09284,-2.33284,-3.46284,-3.80284,-3.34284,-2.97284,-2.53284,-1.50284,0.227163,1.96716,4.40716,6.45716,8.93716,8.62716,7.09716,6.95716,7.37716,8.16716,8.18716,7.43716,6.17716,5.26716,5.69716,6.15716
-3.31284,-3.92284,-5.03284,-6.33284,-6.62284,-6.55284,-6.69284,-5.45284,-3.91284,-4.10284,-3.63284,-3.71284,-1.91284,0.367163,-0.332837,-1.67284,-3.13284,-4.17284,-4.00284,-4.92284,-4.44284,-3.73284,-3.36284,-3.02284,-2.75284,-2.26284,-1.74284,-1.16284,-0.712837,-0.292837,-0.382837,-1.25284,-1.76284,-1.88284,1.07716,2.52716,1.05716,0.937163,0.417163,-0.0928369,-0.892837,-1.82284,-1.86284,-3.34284,-3.38284,-2.06284,-1.87284,-1.77284,-0.532837,1.40716,2.58716,2.99716,2.78716,3.02716,2.42716,3.80716,5.27716,7.67716,6.01716,4.40716,4.30716,2.76716,4.38716,7.44716,8.01716
-0.982837,-1.37284,-1.93284,-2.99284,-3.80284,-3.76284,-3.39284,-2.86284,-2.45284,-1.98284,-1.94284,-1.82284,-0.212837,-0.232837,-1.91284,-2.66284,-2.68284,-3.87284,-4.74284,-4.91284,-5.42284,-6.09284,-11.1028,-8.02284,-0.732837,3.60716,2.27716,1.85716,1.35716,1.04716,0.587163,-0.132837,-0.512837,0.247163,0.247163,0.227163,-0.472837,-0.962837,-2.44284,-3.17284,-1.67284,-1.06284,-1.58284,-2.14284,-2.63284,-2.33284,-1.99284,-0.882837,0.777163,1.08716,1.65716,2.64716,2.77716,3.43716,4.71716,4.77716,4.83716,5.04716,5.06716,4.73716,4.91716,5.70716,5.12716,7.23716,6.85716
0.467163,0.547163,0.257163,-0.532837,-1.35284,-1.67284,-1.55284,-1.46284,-1.87284,-1.79284,-0.932837,-0.582837,-0.432837,-2.68284,-3.76284,-4.04284,-4.33284,-4.68284,-4.63284,-4.63284,-2.88284,-3.94284,-2.61284,0.737163,1.72716,1.70716,1.60716,1.62716,1.67716,1.79716,0.807163,-0.842837,-0.242837,1.67716,1.79716,1.05716,-0.392837,-1.64284,-0.822837,0.407163,0.197163,-0.552837,-1.33284,-2.05284,-2.66284,-2.83284,-1.17284,1.79716,2.46716,2.97716,2.81716,2.74716,2.97716,3.56716,4.41716,4.83716,4.92716,6.30716,4.50716,3.11716,2.95716,4.18716,5.03716,5.15716,3.87716
3.56716,4.05716,4.20716,4.28716,3.75716,3.24716,2.97716,3.10716,1.76716,0.567163,-0.882837,-3.18284,-4.12284,-4.78284,-4.82284,-4.11284,-4.11284,-4.09284,-4.03284,-6.94284,-6.46284,-4.23284,-0.752837,0.277163,0.697163,0.787163,0.747163,0.467163,0.677163,0.777163,0.497163,-0.172837,0.157163,1.08716,1.65716,1.39716,0.737163,0.567163,0.247163,-0.412837,-0.722837,-1.36284,-1.75284,-1.48284,-1.05284,-0.212837,0.797163,1.71716,2.30716,2.24716,2.07716,2.39716,2.66716,2.99716,3.41716,3.56716,3.25716,3.35716,3.52716,1.16716,3.07716,3.97716,3.33716,3.07716,3.48716
4.56716,5.18716,5.45716,4.90716,6.24716,5.11716,0.977163,2.28716,0.547163,-0.762837,0.687163,0.597163,-1.45284,-4.76284,-3.12284,-2.95284,-3.01284,-2.68284,-5.24284,-5.51284,-5.16284,-4.53284,-1.10284,-0.402837,-0.162837,-0.0428369,0.177163,0.137163,-0.162837,-0.252837,-0.532837,-0.542837,0.497163,1.37716,1.22716,1.49716,0.767163,0.477163,-0.362837,-0.272837,-0.412837,-0.672837,-1.28284,-1.23284,-0.852837,-0.472837,-0.0428369,0.717163,1.31716,1.80716,2.32716,2.61716,2.70716,2.81716,2.85716,3.19716,3.43716,3.47716,2.99716,2.52716,4.46716,4.87716,4.46716,3.93716,3.35716
